Testing	// User ID
7-2-2025	// Evaluation date
KR_Walk_BP3	6-2-2025	12:20:00:160	// Source file name and timestamp
100.000	// Sampling rate
4.000	// Data capture period



Sample #	Right_Foot_COM_X	Right_Foot_COM_Y	RightAnklePosX	RightAnklePosY	RightKnee.Pos.X	RightKneePosY	RightHip_PosX	RightHipPosY	ThoraxCOMPosY	ThoraxCOMPosX	GRF_MoundY	
0	NaN	NaN	NaN	NaN	NaN	NaN	NaN	NaN	NaN	NaN	1.101003	
1	NaN	NaN	NaN	NaN	NaN	NaN	NaN	NaN	NaN	NaN	0.354098	
2	NaN	NaN	NaN	NaN	NaN	NaN	NaN	NaN	NaN	NaN	0.492055	
3	NaN	NaN	NaN	NaN	NaN	NaN	NaN	NaN	NaN	NaN	2.286276	
4	NaN	NaN	NaN	NaN	NaN	NaN	NaN	NaN	NaN	NaN	3.461321	
5	NaN	NaN	NaN	NaN	NaN	NaN	NaN	NaN	NaN	NaN	3.527286	
6	NaN	NaN	NaN	NaN	NaN	NaN	NaN	NaN	NaN	NaN	3.461080	
7	NaN	NaN	NaN	NaN	NaN	NaN	NaN	NaN	NaN	NaN	3.009970	
8	NaN	NaN	NaN	NaN	NaN	NaN	NaN	NaN	NaN	NaN	1.658652	
9	NaN	NaN	NaN	NaN	NaN	NaN	NaN	NaN	NaN	NaN	2.935942	
10	NaN	NaN	NaN	NaN	NaN	NaN	NaN	NaN	NaN	NaN	1.057754	
11	NaN	NaN	NaN	NaN	NaN	NaN	NaN	NaN	NaN	NaN	1.715121	
12	NaN	NaN	NaN	NaN	NaN	NaN	NaN	NaN	NaN	NaN	1.674057	
13	NaN	NaN	NaN	NaN	NaN	NaN	NaN	NaN	NaN	NaN	3.399621	
14	NaN	NaN	NaN	NaN	NaN	NaN	NaN	NaN	NaN	NaN	1.757697	
15	NaN	NaN	NaN	NaN	NaN	NaN	NaN	NaN	NaN	NaN	0.454420	
16	NaN	NaN	NaN	NaN	NaN	NaN	NaN	NaN	NaN	NaN	2.300118	
17	NaN	NaN	NaN	NaN	NaN	NaN	NaN	NaN	NaN	NaN	2.300935	
18	NaN	NaN	NaN	NaN	NaN	NaN	NaN	NaN	NaN	NaN	2.303392	
19	NaN	NaN	NaN	NaN	NaN	NaN	NaN	NaN	NaN	NaN	1.709149	
20	NaN	NaN	NaN	NaN	NaN	NaN	NaN	NaN	NaN	NaN	1.152306	
21	NaN	NaN	NaN	NaN	NaN	NaN	NaN	NaN	NaN	NaN	1.734865	
22	NaN	NaN	NaN	NaN	NaN	NaN	NaN	NaN	NaN	NaN	2.368729	
23	NaN	NaN	NaN	NaN	NaN	NaN	NaN	NaN	NaN	NaN	-0.116963	
24	NaN	NaN	NaN	NaN	NaN	NaN	NaN	NaN	NaN	NaN	1.686763	
25	NaN	NaN	NaN	NaN	NaN	NaN	NaN	NaN	NaN	NaN	-1.278439	
26	NaN	NaN	NaN	NaN	NaN	NaN	NaN	NaN	NaN	NaN	4.008678	
27	NaN	NaN	NaN	NaN	NaN	NaN	NaN	NaN	NaN	NaN	2.853740	
28	NaN	NaN	NaN	NaN	NaN	NaN	NaN	NaN	NaN	NaN	2.318439	
29	NaN	NaN	NaN	NaN	NaN	NaN	NaN	NaN	NaN	NaN	1.664868	
30	NaN	NaN	NaN	NaN	NaN	NaN	NaN	NaN	NaN	NaN	1.134415	
31	NaN	NaN	NaN	NaN	NaN	NaN	NaN	NaN	NaN	NaN	2.872103	
32	NaN	NaN	NaN	NaN	NaN	NaN	NaN	NaN	NaN	NaN	4.114458	
33	NaN	NaN	NaN	NaN	NaN	NaN	NaN	NaN	NaN	NaN	1.179985	
34	NaN	NaN	NaN	NaN	NaN	NaN	NaN	NaN	NaN	NaN	0.457068	
35	NaN	NaN	NaN	NaN	NaN	NaN	NaN	NaN	NaN	NaN	2.982248	
36	NaN	NaN	NaN	NaN	NaN	NaN	NaN	NaN	NaN	NaN	2.793503	
37	NaN	NaN	NaN	NaN	NaN	NaN	NaN	NaN	NaN	NaN	1.697803	
38	NaN	NaN	NaN	NaN	NaN	NaN	NaN	NaN	NaN	NaN	1.625284	
39	NaN	NaN	NaN	NaN	NaN	NaN	NaN	NaN	NaN	NaN	1.723386	
40	NaN	NaN	NaN	NaN	NaN	NaN	NaN	NaN	NaN	NaN	3.008541	
41	NaN	NaN	NaN	NaN	NaN	NaN	NaN	NaN	NaN	NaN	1.678913	
42	NaN	NaN	NaN	NaN	NaN	NaN	NaN	NaN	NaN	NaN	0.404198	
43	NaN	NaN	NaN	NaN	NaN	NaN	NaN	NaN	NaN	NaN	2.224055	
44	NaN	NaN	NaN	NaN	NaN	NaN	NaN	NaN	NaN	NaN	2.352771	
45	NaN	NaN	NaN	NaN	NaN	NaN	NaN	NaN	NaN	NaN	2.931013	
46	NaN	NaN	NaN	NaN	NaN	NaN	NaN	NaN	NaN	NaN	0.438236	
47	NaN	NaN	NaN	NaN	NaN	NaN	NaN	NaN	NaN	NaN	2.326801	
48	NaN	NaN	NaN	NaN	NaN	NaN	NaN	NaN	NaN	NaN	1.135229	
49	NaN	NaN	NaN	NaN	NaN	NaN	NaN	NaN	NaN	NaN	0.536353	
50	NaN	NaN	NaN	NaN	NaN	NaN	NaN	NaN	NaN	NaN	2.417492	
51	NaN	NaN	NaN	NaN	NaN	NaN	NaN	NaN	NaN	NaN	0.558917	
52	NaN	NaN	NaN	NaN	NaN	NaN	NaN	NaN	NaN	NaN	1.696228	
53	NaN	NaN	NaN	NaN	NaN	NaN	NaN	NaN	NaN	NaN	3.491300	
54	NaN	NaN	NaN	NaN	NaN	NaN	NaN	NaN	NaN	NaN	2.277648	
55	NaN	NaN	NaN	NaN	NaN	NaN	NaN	NaN	NaN	NaN	2.923368	
56	NaN	NaN	NaN	NaN	NaN	NaN	NaN	NaN	NaN	NaN	1.765802	
57	NaN	NaN	NaN	NaN	NaN	NaN	NaN	NaN	NaN	NaN	1.119130	
58	NaN	NaN	NaN	NaN	NaN	NaN	NaN	NaN	NaN	NaN	2.925832	
59	NaN	NaN	NaN	NaN	NaN	NaN	NaN	NaN	NaN	NaN	1.039743	
60	NaN	NaN	NaN	NaN	NaN	NaN	NaN	NaN	NaN	NaN	2.313587	
61	NaN	NaN	NaN	NaN	NaN	NaN	NaN	NaN	NaN	NaN	1.807323	
62	NaN	NaN	NaN	NaN	NaN	NaN	NaN	NaN	NaN	NaN	2.944304	
63	NaN	NaN	NaN	NaN	NaN	NaN	NaN	NaN	NaN	NaN	3.557122	
64	NaN	NaN	NaN	NaN	NaN	NaN	NaN	NaN	NaN	NaN	4.174061	
65	NaN	NaN	NaN	NaN	NaN	NaN	NaN	NaN	NaN	NaN	0.977589	
66	NaN	NaN	NaN	NaN	NaN	NaN	NaN	NaN	NaN	NaN	1.235986	
67	NaN	NaN	NaN	NaN	NaN	NaN	NaN	NaN	1.432439	-1.767141	0.514151	
68	NaN	NaN	NaN	NaN	NaN	NaN	NaN	NaN	1.434590	-1.756532	1.758552	
69	NaN	NaN	NaN	NaN	NaN	NaN	NaN	NaN	1.437334	-1.747633	1.678066	
70	NaN	NaN	NaN	NaN	NaN	NaN	NaN	NaN	1.440607	-1.727249	1.104054	
71	NaN	NaN	NaN	NaN	NaN	NaN	NaN	NaN	1.443767	-1.707008	2.339435	
72	NaN	NaN	NaN	NaN	NaN	NaN	NaN	NaN	1.447457	-1.688305	2.301660	
73	NaN	NaN	NaN	NaN	NaN	NaN	NaN	NaN	1.451337	-1.668842	1.629314	
74	NaN	NaN	NaN	NaN	NaN	NaN	NaN	NaN	1.454497	-1.650118	2.959691	
75	NaN	NaN	NaN	NaN	NaN	NaN	NaN	NaN	1.456864	-1.633395	2.414513	
76	NaN	NaN	NaN	NaN	NaN	NaN	NaN	NaN	1.457765	-1.621211	2.931470	
77	NaN	NaN	NaN	NaN	NaN	NaN	NaN	NaN	1.457341	-1.613475	1.700828	
78	NaN	NaN	NaN	NaN	NaN	NaN	NaN	NaN	1.456088	-1.602622	1.675321	
79	NaN	NaN	NaN	NaN	NaN	NaN	NaN	NaN	1.455126	-1.595500	2.280314	
80	NaN	NaN	NaN	NaN	NaN	NaN	NaN	NaN	1.452240	-1.614128	1.629380	
81	NaN	NaN	NaN	NaN	NaN	NaN	NaN	NaN	1.445810	-1.613210	1.768638	
82	NaN	NaN	NaN	NaN	NaN	NaN	NaN	NaN	1.445992	-1.599909	2.323402	
83	NaN	NaN	NaN	NaN	NaN	NaN	NaN	NaN	1.448591	-1.588356	2.935383	
84	NaN	NaN	NaN	NaN	NaN	NaN	NaN	NaN	1.451817	-1.574152	1.662541	
85	NaN	NaN	NaN	NaN	NaN	NaN	NaN	NaN	1.453081	-1.558134	0.451079	
86	NaN	NaN	NaN	NaN	NaN	NaN	NaN	NaN	1.457558	-1.538466	2.851362	
87	NaN	NaN	NaN	NaN	NaN	NaN	NaN	NaN	1.472882	-1.513473	1.630630	
88	NaN	NaN	NaN	NaN	NaN	NaN	NaN	NaN	1.475163	-1.499589	3.506384	
89	NaN	NaN	NaN	NaN	NaN	NaN	NaN	NaN	1.475513	-1.486302	1.696980	
90	NaN	NaN	NaN	NaN	NaN	NaN	NaN	NaN	1.478325	-1.472928	3.496176	
91	NaN	NaN	NaN	NaN	NaN	NaN	NaN	NaN	1.480199	-1.467333	0.491260	
92	NaN	NaN	NaN	NaN	NaN	NaN	NaN	NaN	1.481561	-1.458919	2.829766	
93	NaN	NaN	NaN	NaN	NaN	NaN	NaN	NaN	1.484117	-1.445742	2.360175	
94	NaN	NaN	NaN	NaN	NaN	NaN	NaN	NaN	1.486226	-1.434316	2.946932	
95	NaN	NaN	NaN	NaN	NaN	NaN	NaN	NaN	1.487780	-1.423628	1.142325	
96	NaN	NaN	NaN	NaN	NaN	NaN	NaN	NaN	1.488636	-1.412110	1.653519	
97	NaN	NaN	NaN	NaN	NaN	NaN	NaN	NaN	1.489373	-1.402670	2.951905	
98	NaN	NaN	NaN	NaN	NaN	NaN	NaN	NaN	1.489857	-1.398017	0.491898	
99	-1.452784	0.088466	-1.540814	0.111805	-1.461607	0.545350	-1.539609	0.970616	1.487670	-1.386150	1.701055	
100	-1.448685	0.088075	-1.536722	0.111642	-1.450788	0.544036	-1.529744	0.969032	1.485121	-1.374474	1.682039	
101	-1.448322	0.088064	-1.537133	0.110980	-1.450166	0.543303	-1.526395	0.968727	1.484310	-1.371616	3.514001	
102	-1.449484	0.084211	-1.536864	0.110219	-1.448725	0.542442	-1.521015	0.968462	1.483955	-1.367713	2.927907	
103	-1.449777	0.082351	-1.536842	0.109001	-1.445876	0.540713	-1.511865	0.967701	1.483449	-1.360167	3.406468	
104	-1.448753	0.081818	-1.536118	0.108189	-1.444176	0.539755	-1.505361	0.967451	1.483447	-1.356032	1.180928	
105	-1.450488	0.077822	-1.535972	0.107564	-1.444265	0.539181	-1.497494	0.967952	1.485042	-1.349921	1.602462	
106	-1.458258	0.075202	-1.542768	0.106677	-1.441623	0.535870	-1.470538	0.967045	1.489045	-1.326804	1.704973	
107	-1.459739	0.078433	-1.546130	0.106327	-1.434495	0.532612	-1.451450	0.964595	1.489948	-1.315551	2.891053	
108	-1.461144	0.071601	-1.544158	0.106063	-1.431088	0.531979	-1.442176	0.964329	1.491655	-1.303260	4.182382	
109	-1.467978	0.060499	-1.544675	0.107335	-1.429276	0.532128	-1.429248	0.964756	1.494754	-1.291000	1.701438	
110	-1.470393	0.060910	-1.544803	0.110917	-1.425867	0.534366	-1.413136	0.966838	1.502413	-1.283732	2.935789	
111	-1.469875	0.059762	-1.540445	0.116086	-1.419910	0.538786	-1.405035	0.971289	1.505337	-1.276538	1.111258	
112	-1.473607	0.051104	-1.537381	0.121463	-1.410646	0.542355	-1.393656	0.974774	1.505109	-1.265318	2.298843	
113	-1.476690	0.064697	-1.541560	0.128760	-1.403407	0.546034	-1.380445	0.978156	1.504627	-1.254786	1.169113	
114	-1.484951	0.054652	-1.542900	0.127422	-1.402825	0.543982	-1.376943	0.975937	1.504755	-1.248186	2.348375	
115	-1.486912	0.042607	-1.540961	0.123087	-1.400205	0.539631	-1.374793	0.971576	1.503700	-1.240676	2.934662	
116	-1.488253	0.033051	-1.538769	0.120721	-1.396845	0.537137	-1.361999	0.968386	1.501168	-1.234032	1.090948	
117	-1.487651	-0.005144	-1.527287	0.115831	-1.396907	0.536487	-1.363104	0.967768	1.497049	-1.230412	2.875948	
118	-1.481230	0.003618	-1.526146	0.114804	-1.392861	0.534729	-1.356007	0.965782	1.497298	-1.217466	2.881075	
119	-1.471303	0.033714	-1.528198	0.116769	-1.388570	0.534670	-1.337411	0.964276	1.497826	-1.204343	1.692082	
120	-1.463894	0.045127	-1.524867	0.116989	-1.386011	0.535126	-1.332073	0.964369	1.494652	-1.201813	2.874669	
121	-1.462347	0.046283	-1.524368	0.116276	-1.380444	0.532695	-1.325981	0.961892	1.491966	-1.193378	3.394963	
122	-1.457629	0.059703	-1.526134	0.118698	-1.378562	0.534088	-1.315628	0.962174	1.489954	-1.184746	4.111334	
123	-1.455874	0.070525	-1.528101	0.123282	-1.376079	0.537396	-1.301636	0.963551	1.490024	-1.171662	2.407610	
124	-1.455141	0.071536	-1.527230	0.124227	-1.373739	0.537813	-1.286613	0.961475	1.490049	-1.158386	2.358095	
125	-1.452381	0.072039	-1.524267	0.125057	-1.370035	0.538343	-1.275797	0.960489	1.488200	-1.150605	0.520911	
126	-1.452658	0.069533	-1.521452	0.126848	-1.363346	0.538568	-1.265293	0.959872	1.483128	-1.146230	1.143581	
127	-1.455995	0.069608	-1.524255	0.128236	-1.354562	0.535146	-1.251317	0.955293	1.481903	-1.133054	1.123481	
128	-1.458224	0.068478	-1.524753	0.131329	-1.343269	0.533078	-1.238106	0.952851	1.483077	-1.112888	0.985979	
129	-1.455731	0.064125	-1.518880	0.130030	-1.339617	0.532683	-1.241055	0.953735	1.480718	-1.104141	4.137159	
130	-1.455327	0.062143	-1.514788	0.131366	-1.333483	0.532884	-1.238409	0.953918	1.476657	-1.100242	2.835942	
131	-1.458562	0.047626	-1.511896	0.129717	-1.324241	0.528433	-1.230465	0.949214	1.472991	-1.093800	1.700056	
132	-1.454904	0.055301	-1.510915	0.131434	-1.314897	0.526334	-1.225079	0.947302	1.468152	-1.085079	2.962423	
133	-1.451201	0.067938	-1.511525	0.135353	-1.306008	0.525696	-1.218868	0.945976	1.464671	-1.077725	1.688234	
134	-1.448973	0.077903	-1.513027	0.139716	-1.297685	0.525059	-1.208840	0.943785	1.455109	-1.084606	1.610295	
135	-1.448757	0.063905	-1.504487	0.137072	-1.289434	0.522508	-1.183792	0.939892	1.460582	-1.051308	1.711044	
136	-1.448185	0.050392	-1.495766	0.135664	-1.280540	0.520948	-1.156060	0.935009	1.460701	-1.031126	1.820439	
137	-1.460322	0.040708	-1.495977	0.142366	-1.275640	0.524938	-1.133751	0.933696	1.464344	-1.011875	1.672440	
138	-1.464334	0.046444	-1.496629	0.147961	-1.266561	0.524897	-1.113952	0.929815	1.465774	-0.995689	2.923197	
139	-1.468969	0.046870	-1.494692	0.152392	-1.256321	0.524209	-1.094253	0.925495	1.466528	-0.979638	2.910130	
140	-1.473579	0.053347	-1.493763	0.159317	-1.244110	0.523714	-1.075908	0.922502	1.466509	-0.964669	2.296164	
141	-1.469803	0.055135	-1.485587	0.163688	-1.227361	0.522009	-1.065498	0.923415	1.464234	-0.953875	2.929043	
142	-1.459694	0.058813	-1.473677	0.166548	-1.210273	0.521118	-1.059765	0.926871	1.459050	-0.949198	2.268270	
143	-1.460906	0.058732	-1.463807	0.172190	-1.189726	0.518494	-1.051972	0.928784	1.458127	-0.942616	4.074683	
144	-1.454568	0.068553	-1.452798	0.179159	-1.167548	0.516284	-1.043942	0.931069	1.457397	-0.933117	2.293445	
145	-1.451741	0.070070	-1.439889	0.183849	-1.146571	0.513908	-1.035578	0.932267	1.456322	-0.924285	2.963299	
146	-1.445751	0.076408	-1.425291	0.189510	-1.123192	0.511442	-1.024965	0.932989	1.454537	-0.912057	3.478916	
147	-1.430629	0.083478	-1.406051	0.192816	-1.100706	0.512203	-1.013970	0.936246	1.455633	-0.893991	2.339517	
148	-1.428889	0.088423	-1.390831	0.198081	-1.081720	0.513924	-0.997682	0.938520	1.459520	-0.876339	2.952485	
149	-1.420903	0.111143	-1.377086	0.211852	-1.056818	0.516246	-0.977765	0.941802	1.466271	-0.863450	4.114918	
150	-1.400015	0.122712	-1.356684	0.218599	-1.028638	0.514460	-0.963019	0.942291	1.467044	-0.853959	4.200339	
151	-1.362692	0.130976	-1.332138	0.220361	-0.998869	0.510420	-0.947821	0.940166	1.466362	-0.838806	2.215270	
152	-1.321101	0.142050	-1.307010	0.230619	-0.967087	0.512762	-0.927185	0.943688	1.473776	-0.823110	2.992682	
153	-1.302037	0.151847	-1.280902	0.239044	-0.937199	0.516366	-0.912642	0.948399	1.476140	-0.809865	2.400771	
154	-1.258117	0.153363	-1.251405	0.245068	-0.906696	0.521087	-0.907958	0.953767	1.473092	-0.799714	3.662700	
155	-1.226895	0.156844	-1.228447	0.251875	-0.882794	0.526733	-0.897256	0.959269	1.476756	-0.788324	4.139091	
156	-1.209723	0.163207	-1.207539	0.255685	-0.861095	0.529247	-0.887285	0.961187	1.480065	-0.777370	1.656089	
157	-1.208567	0.167705	-1.183238	0.253243	-0.838055	0.528441	-0.890421	0.957831	1.475660	-0.771555	2.874086	
158	-1.164345	0.170188	-1.153101	0.258399	-0.808561	0.534572	-0.885222	0.960291	1.476244	-0.761545	1.141020	
159	-1.123628	0.176438	-1.124841	0.266246	-0.781114	0.543323	-0.866933	0.967459	1.483960	-0.746916	1.796072	
160	-1.103345	0.180082	-1.099936	0.268715	-0.759029	0.549001	-0.849105	0.972261	1.490113	-0.734289	2.883458	
161	-1.080631	0.177691	-1.073788	0.265497	-0.736809	0.550264	-0.838771	0.970696	1.489825	-0.722917	4.246129	
162	-1.037303	0.173552	-1.042954	0.261491	-0.711906	0.553076	-0.828999	0.969599	1.486508	-0.713714	4.687099	
163	-0.997566	0.173440	-1.012670	0.262444	-0.688255	0.561352	-0.814044	0.975389	1.491396	-0.698354	4.826649	
164	-0.981131	0.171604	-0.986739	0.259131	-0.669051	0.565273	-0.803458	0.976586	1.490567	-0.686851	2.395111	
165	-0.954744	0.165158	-0.958956	0.252494	-0.651917	0.569432	-0.793670	0.978299	1.487921	-0.679793	3.684340	
166	-0.921626	0.158767	-0.928773	0.246325	-0.630206	0.571294	-0.775624	0.978892	1.490816	-0.666632	2.971419	
167	-0.886563	0.152779	-0.898677	0.240123	-0.608305	0.572465	-0.758149	0.978445	1.492214	-0.653258	2.939720	
168	-0.847636	0.151215	-0.868675	0.236743	-0.589894	0.578781	-0.746441	0.982209	1.494687	-0.641527	1.673973	
169	-0.817247	0.142664	-0.838893	0.228408	-0.574423	0.581709	-0.736725	0.982934	1.497588	-0.629149	2.401821	
170	-0.769317	0.141776	-0.812494	0.218053	-0.559927	0.580015	-0.722321	0.981234	1.494845	-0.618209	2.404106	
171	-0.726764	0.140377	-0.782807	0.209428	-0.543566	0.580337	-0.710234	0.979785	1.492412	-0.608322	0.425054	
172	-0.689738	0.134379	-0.741693	0.206143	-0.519734	0.588045	-0.705618	0.978930	1.490175	-0.601290	2.320000	
173	-0.650684	0.131534	-0.702107	0.203731	-0.494041	0.593542	-0.695629	0.976561	1.490933	-0.585245	2.878414	
174	-0.619188	0.123017	-0.669615	0.195934	-0.480767	0.595379	-0.680779	0.979203	1.492137	-0.572972	1.578314	
175	-0.579542	0.123557	-0.635565	0.192004	-0.465732	0.599846	-0.671796	0.980373	1.494531	-0.567413	2.901772	
176	-0.539941	0.121683	-0.601571	0.185015	-0.453097	0.601058	-0.672501	0.974161	1.490703	-0.560879	2.928618	
177	-0.503782	0.114677	-0.566512	0.176680	-0.440519	0.600069	-0.664221	0.970618	1.490051	-0.547828	3.020171	
178	-0.463451	0.116622	-0.530681	0.173515	-0.426537	0.602594	-0.655839	0.969667	1.487828	-0.537085	1.776002	
179	-0.423275	0.115980	-0.493791	0.168359	-0.413123	0.602471	-0.645955	0.967353	1.483719	-0.526864	2.330102	
180	-0.382303	0.111947	-0.456551	0.159307	-0.398117	0.597216	-0.625141	0.965739	1.482906	-0.513522	3.051481	
181	-0.344268	0.111556	-0.421903	0.154019	-0.384441	0.594285	-0.605490	0.966414	1.485157	-0.499569	1.716576	
182	-0.305611	0.119589	-0.390175	0.150519	-0.368487	0.591788	-0.586391	0.965755	1.486466	-0.485672	3.517163	
183	-0.266947	0.123921	-0.356080	0.146778	-0.357814	0.588562	-0.574565	0.963201	1.482589	-0.475652	2.849653	
184	-0.232327	0.128924	-0.323839	0.146288	-0.347346	0.587379	-0.562505	0.962887	1.481910	-0.467438	4.156517	
185	-0.199204	0.129078	-0.290745	0.144564	-0.331731	0.584422	-0.548418	0.959036	1.483168	-0.451800	2.988161	
186	-0.166885	0.131633	-0.258023	0.144681	-0.317567	0.582475	-0.536664	0.955617	1.480713	-0.439730	4.173760	
187	-0.139936	0.127600	-0.226251	0.147320	-0.304271	0.582228	-0.524659	0.954542	1.478926	-0.428133	1.647230	
188	-0.113674	0.127153	-0.198925	0.146691	-0.290999	0.578705	-0.512611	0.950426	1.477080	-0.414468	2.366454	
189	-0.081893	0.132141	-0.170075	0.143712	-0.278219	0.572040	-0.498494	0.944529	1.471249	-0.401831	4.745809	
190	-0.050441	0.138450	-0.138898	0.148397	-0.265900	0.571608	-0.481275	0.946906	1.471271	-0.386064	3.499229	
191	-0.021607	0.145656	-0.110223	0.153996	-0.253503	0.572023	-0.464755	0.949673	1.472164	-0.370000	4.733989	
192	0.000773	0.149534	-0.088892	0.152913	-0.240500	0.568014	-0.454809	0.944020	1.470272	-0.356376	3.616426	
193	0.022036	0.148004	-0.067172	0.152698	-0.228676	0.564042	-0.443528	0.939707	1.466721	-0.344223	4.636227	
194	0.043479	0.154516	-0.045416	0.154492	-0.215511	0.562300	-0.428389	0.939057	1.463794	-0.330309	1.650934	
195	0.062286	0.161294	-0.027280	0.155006	-0.203082	0.560449	-0.412894	0.938945	1.461667	-0.316819	2.992982	
196	0.076628	0.151629	-0.012779	0.155386	-0.191398	0.559621	-0.401044	0.938217	1.459604	-0.303404	1.746530	
197	0.089050	0.146135	0.000161	0.154604	-0.178210	0.558937	-0.390159	0.936241	1.458500	-0.290628	4.712793	
198	0.097259	0.145560	0.008283	0.148973	-0.164522	0.555674	-0.379348	0.931333	1.455533	-0.277713	2.260598	
199	0.103560	0.141496	0.014367	0.142891	-0.152184	0.552183	-0.368519	0.926905	1.451690	-0.262824	4.684834	
200	0.111095	0.133103	0.022466	0.140930	-0.135306	0.553625	-0.350676	0.928909	1.453586	-0.249010	16.403174	
201	0.114623	0.121084	0.027154	0.136856	-0.121338	0.552939	-0.336510	0.928359	1.452044	-0.235723	62.310347	
202	0.117944	0.118996	0.030005	0.130546	-0.109050	0.549715	-0.324122	0.925177	1.449367	-0.219356	147.277025	
203	0.125315	0.116443	0.036319	0.126968	-0.092978	0.549108	-0.307810	0.924726	1.451527	-0.205886	218.520733	
204	0.131090	0.110402	0.041677	0.124426	-0.082930	0.548148	-0.297813	0.923739	1.446973	-0.195915	248.418234	
205	0.141751	0.110584	0.050474	0.121903	-0.073549	0.545906	-0.288307	0.921546	1.444102	-0.179695	308.341294	
206	0.145894	0.104852	0.055009	0.118974	-0.058245	0.545828	-0.265003	0.925838	1.447864	-0.159123	384.625064	
207	0.152833	0.105725	0.059110	0.117075	-0.044112	0.546415	-0.242218	0.930864	1.452837	-0.142958	479.276554	
208	0.158942	0.103811	0.064066	0.115406	-0.030124	0.546831	-0.219451	0.935477	1.456759	-0.126714	558.409021	
209	0.161616	0.099444	0.067971	0.113629	-0.016264	0.547007	-0.204122	0.936429	1.458371	-0.111264	630.016807	
210	0.159181	0.091946	0.070447	0.113122	-0.005507	0.548020	-0.198630	0.934965	1.459688	-0.098624	734.969945	
211	0.162391	0.093519	0.072259	0.112340	0.008906	0.549225	-0.181151	0.937611	1.461061	-0.084196	789.083809	
212	0.163324	0.091492	0.072745	0.110011	0.018978	0.548233	-0.169097	0.937465	1.460758	-0.071361	862.494962	
213	0.161609	0.085907	0.074113	0.110604	0.026663	0.549518	-0.162489	0.938221	1.459085	-0.058283	913.024996	
214	0.160903	0.084875	0.074577	0.112036	0.039001	0.551926	-0.142432	0.944139	1.464658	-0.042754	959.414143	
215	0.157681	0.079271	0.073782	0.111031	0.051273	0.551748	-0.131317	0.943455	1.469251	-0.029048	987.408826	
216	0.157864	0.079252	0.074246	0.111710	0.062603	0.552824	-0.120844	0.943981	1.470319	-0.014780	1004.995027	
217	0.161642	0.082003	0.076959	0.112381	0.071121	0.553463	-0.099603	0.950091	1.472112	-0.000720	1016.219410	
218	0.162843	0.081966	0.078140	0.111530	0.077877	0.552638	-0.087459	0.951417	1.473583	0.013482	1030.213227	
219	0.160755	0.080572	0.077203	0.112618	0.085876	0.553476	-0.079564	0.952075	1.476006	0.026060	1028.257178	
220	0.160055	0.079241	0.076561	0.112187	0.093984	0.552387	-0.064803	0.953946	1.479838	0.039617	1015.519745	
221	0.162168	0.079935	0.077513	0.110660	0.095793	0.550887	-0.053763	0.956046	1.481701	0.050808	1002.103306	
222	0.161969	0.075653	0.080382	0.111391	0.102060	0.551634	-0.047088	0.956538	1.484046	0.061838	993.497461	
223	0.166542	0.084568	0.080278	0.111019	0.107929	0.550806	-0.032479	0.958977	1.486699	0.076590	974.544973	
224	0.161128	0.073930	0.078853	0.107776	0.105103	0.547399	-0.019692	0.960974	1.488176	0.089265	956.184527	
225	0.161543	0.076361	0.077360	0.106570	0.107482	0.545728	-0.008393	0.961928	1.488919	0.100889	934.771734	
226	0.166798	0.086229	0.078821	0.109230	0.115440	0.547945	0.003570	0.965246	1.492144	0.113696	909.153170	
227	0.163864	0.078606	0.080799	0.111462	0.123104	0.549677	0.015164	0.967992	1.496149	0.125092	884.904601	
228	0.165226	0.076155	0.081611	0.107889	0.122232	0.546057	0.029138	0.968080	1.496653	0.136297	861.000020	
229	0.164791	0.075840	0.080964	0.105916	0.124721	0.543633	0.044943	0.968627	1.497636	0.148060	837.233548	
230	0.163642	0.079686	0.078921	0.108155	0.132353	0.544798	0.059557	0.971044	1.499514	0.159529	812.881386	
231	0.163725	0.076933	0.080492	0.109324	0.137292	0.545590	0.070700	0.972772	1.501386	0.170149	791.378610	
232	0.164513	0.075809	0.081881	0.109345	0.140069	0.545390	0.086654	0.974302	1.503944	0.183632	773.804833	
233	0.162487	0.072988	0.082188	0.111447	0.144455	0.547043	0.100253	0.976953	1.505413	0.196889	759.620617	
234	0.166556	0.077755	0.084536	0.113046	0.148325	0.548662	0.105471	0.978721	1.506640	0.207632	749.339277	
235	0.169644	0.078989	0.087889	0.114809	0.152954	0.550676	0.118697	0.981420	1.510072	0.218307	742.589797	
236	0.167756	0.078881	0.087173	0.116646	0.159947	0.551252	0.135965	0.982783	1.511063	0.230652	735.288655	
237	0.161286	0.069202	0.085241	0.115686	0.169455	0.547651	0.143311	0.979319	1.510040	0.242667	734.186189	
238	0.162766	0.074773	0.085121	0.117818	0.177911	0.547744	0.151639	0.979514	1.510527	0.254073	735.310556	
239	0.165563	0.080276	0.085579	0.118741	0.181944	0.547740	0.167077	0.980038	1.510849	0.266647	735.349172	
240	0.162262	0.076785	0.084678	0.118988	0.185483	0.546956	0.176381	0.979407	1.510350	0.279553	739.005169	
241	0.162606	0.076151	0.084897	0.118066	0.188584	0.545460	0.181980	0.977971	1.509828	0.291366	742.748219	
242	0.176079	0.095217	0.085122	0.116202	0.189431	0.543479	0.199567	0.975838	1.509520	0.302267	749.429044	
243	0.174565	0.091672	0.084183	0.115583	0.190037	0.542435	0.212155	0.974395	1.507618	0.313536	754.206909	
244	0.157355	0.064718	0.082822	0.113482	0.189845	0.540047	0.215747	0.971924	1.502282	0.323660	763.495640	
245	0.161186	0.068214	0.085282	0.113947	0.193518	0.540395	0.227624	0.971617	1.499685	0.334688	775.701964	
246	0.167038	0.075896	0.087763	0.115074	0.198905	0.540554	0.243410	0.970674	1.500136	0.349521	786.116940	
247	0.166465	0.075245	0.087509	0.115147	0.203479	0.539203	0.256957	0.968203	1.498035	0.363309	803.225277	
248	0.163814	0.073331	0.086778	0.116685	0.208717	0.539123	0.270579	0.966880	1.496137	0.376988	818.366739	
249	0.165463	0.073946	0.088526	0.117242	0.212261	0.539485	0.282155	0.965805	1.494902	0.388677	837.867050	
250	0.165322	0.072144	0.089142	0.117249	0.216179	0.538484	0.294285	0.963369	1.493867	0.400042	857.996235	
251	0.163679	0.070018	0.090077	0.119930	0.220917	0.539633	0.311573	0.961929	1.493755	0.414131	878.819362	
252	0.167698	0.077019	0.091481	0.121815	0.227434	0.540095	0.326304	0.960415	1.491316	0.427723	896.452483	
253	0.169553	0.078061	0.092444	0.121274	0.233039	0.538074	0.340804	0.956141	1.489662	0.441183	920.341474	
254	0.168369	0.075593	0.092855	0.121868	0.240789	0.536017	0.353714	0.952776	1.487674	0.453250	941.095458	
255	0.171960	0.078953	0.095281	0.123163	0.250013	0.534825	0.366801	0.950523	1.483892	0.465992	962.549949	
256	0.173066	0.079675	0.097186	0.125082	0.259304	0.534040	0.375310	0.949928	1.481612	0.478958	981.959128	
257	0.171943	0.075880	0.099537	0.126826	0.268764	0.533055	0.388057	0.948006	1.479885	0.492039	996.723689	
258	0.174839	0.079247	0.101288	0.128400	0.276022	0.532381	0.404507	0.944458	1.478443	0.505593	1016.136049	
259	0.176558	0.081467	0.102508	0.129923	0.282357	0.531762	0.418599	0.941350	1.475466	0.518585	1030.134775	
260	0.174438	0.079177	0.103968	0.132932	0.291313	0.531436	0.434284	0.938722	1.472368	0.532034	1039.268362	
261	0.172722	0.076145	0.106511	0.136106	0.300805	0.531358	0.446088	0.937753	1.470511	0.545206	1043.565068	
262	0.170319	0.066060	0.111182	0.136943	0.311573	0.529164	0.457452	0.935412	1.468016	0.557984	1043.462872	
263	0.174746	0.071579	0.113706	0.138955	0.320990	0.527842	0.467820	0.933637	1.466533	0.571204	1039.215180	
264	0.171982	0.067532	0.115707	0.141302	0.332276	0.525213	0.480607	0.930683	1.464000	0.584482	1027.604850	
265	0.173956	0.073967	0.118045	0.146577	0.345152	0.524361	0.496712	0.928933	1.460570	0.599584	1006.271892	
266	0.178728	0.081338	0.120804	0.150544	0.357008	0.522667	0.509248	0.927200	1.460249	0.614597	980.012830	
267	0.177537	0.076423	0.126295	0.153093	0.367196	0.522374	0.520823	0.926361	1.461227	0.630599	944.624456	
268	0.177707	0.074805	0.132360	0.157170	0.378455	0.523189	0.535672	0.925738	1.459581	0.644762	893.376686	
269	0.177556	0.076952	0.138751	0.164401	0.393773	0.524477	0.551663	0.926778	1.459742	0.659032	831.661764	
270	0.178236	0.080184	0.145219	0.171002	0.412021	0.522602	0.564700	0.927101	1.458838	0.672948	758.304045	
271	0.183588	0.086585	0.154025	0.178234	0.429610	0.523036	0.581985	0.927789	1.457577	0.686931	680.112879	
272	0.187093	0.090195	0.166038	0.185607	0.450155	0.523377	0.600849	0.928768	1.458656	0.701844	583.720276	
273	0.193067	0.095841	0.180590	0.193119	0.472914	0.523881	0.618718	0.931040	1.460546	0.716575	476.953308	
274	0.200162	0.102406	0.195150	0.200200	0.496208	0.522964	0.634854	0.932741	1.462170	0.730955	362.116338	
275	0.210040	0.109445	0.211294	0.206608	0.518397	0.523573	0.654443	0.934287	1.462900	0.743691	260.818847	
276	0.228916	0.124484	0.228581	0.217505	0.545604	0.524742	0.674373	0.937751	1.464528	0.759514	179.206471	
277	0.248725	0.135343	0.249812	0.226235	0.576744	0.522770	0.689518	0.940617	1.466929	0.774206	120.620473	
278	0.275085	0.142979	0.268573	0.232377	0.602782	0.520585	0.701215	0.942080	1.469198	0.787830	73.540024	
279	0.297193	0.147951	0.289480	0.238273	0.629263	0.520000	0.716603	0.943929	1.471166	0.801821	47.997045	
280	0.321424	0.153291	0.312474	0.245885	0.658799	0.519589	0.730926	0.946374	1.473330	0.815183	24.165938	
281	0.344216	0.157024	0.336944	0.251599	0.687943	0.518887	0.746632	0.947701	1.475303	0.829493	10.125983	
282	0.367295	0.161509	0.363660	0.257072	0.717284	0.520513	0.759631	0.951177	1.476763	0.843556	1.617352	
283	0.390091	0.165830	0.388173	0.262177	0.743542	0.523268	0.774273	0.954925	1.478580	0.856371	1.662537	
284	0.408459	0.174527	0.409949	0.269084	0.769046	0.525323	0.785960	0.957811	1.479678	0.869062	4.128475	
285	0.428898	0.184214	0.434704	0.276414	0.796927	0.528295	0.795409	0.961102	1.482282	0.881723	0.544135	
286	0.459680	0.188327	0.461966	0.281345	0.824118	0.533204	0.808306	0.965664	1.485660	0.894913	-0.054142	
287	0.487416	0.190634	0.489674	0.282785	0.850907	0.536100	0.822728	0.967912	1.489522	0.908348	2.900298	
288	0.516237	0.191707	0.516777	0.283490	0.876112	0.539449	0.832767	0.970054	1.490482	0.920165	2.783447	
289	0.550108	0.192520	0.547691	0.284461	0.902670	0.546525	0.844604	0.975445	1.494387	0.933457	3.581789	
290	0.587410	0.193867	0.578056	0.286649	0.929486	0.553495	0.853992	0.979700	1.498954	0.944126	1.134443	
291	0.619437	0.196036	0.607714	0.288026	0.954578	0.560872	0.864859	0.984300	1.502051	0.957185	0.625356	
292	0.657859	0.193617	0.639103	0.285664	0.978816	0.567697	0.875160	0.987867	1.504089	0.970545	2.918673	
293	0.690967	0.189391	0.668118	0.280212	0.999993	0.571515	0.887239	0.989299	1.503448	0.982159	0.391889	
294	0.719506	0.186197	0.695108	0.274652	1.019074	0.574813	0.897957	0.990281	1.504937	0.994387	2.933209	
295	0.747528	0.180488	0.725918	0.267726	1.037699	0.580728	0.908184	0.993637	1.507225	1.008387	1.115816	
296	0.790790	0.175880	0.759433	0.261225	1.061229	0.583902	0.920489	0.993165	1.507680	1.019906	1.663684	
297	0.822516	0.172259	0.793508	0.255824	1.083838	0.588848	0.931234	0.993878	1.508654	1.028684	0.910321	
298	0.857066	0.166109	0.826445	0.248650	1.102193	0.593799	0.940969	0.995490	1.508330	1.036350	0.522906	
299	0.927792	0.169418	0.861247	0.242598	1.122597	0.598846	0.952255	0.996757	1.511681	1.052397	1.575807	
300	0.972989	0.166763	0.897434	0.235453	1.142941	0.602866	0.961755	0.995957	1.514181	1.065559	1.165301	
301	0.990822	0.153998	0.934703	0.226008	1.161476	0.605337	0.975400	0.996089	1.512992	1.076037	1.737018	
302	1.007335	0.136080	0.969555	0.215012	1.177024	0.605205	0.993553	0.997089	1.511927	1.087602	-1.313740	
303	1.039817	0.121446	1.004759	0.206233	1.194059	0.605340	1.007055	0.995542	1.511160	1.099335	0.424214	
304	NaN	NaN	NaN	NaN	NaN	NaN	NaN	NaN	1.508057	1.107441	1.613003	
305	NaN	NaN	NaN	NaN	NaN	NaN	NaN	NaN	1.504847	1.115580	2.401285	
306	NaN	NaN	NaN	NaN	NaN	NaN	NaN	NaN	1.507800	1.130795	0.520370	
307	NaN	NaN	NaN	NaN	NaN	NaN	NaN	NaN	1.508275	1.145600	1.033006	
308	NaN	NaN	NaN	NaN	NaN	NaN	NaN	NaN	1.504419	1.156741	0.349493	
309	NaN	NaN	NaN	NaN	NaN	NaN	NaN	NaN	1.501350	1.165533	1.086463	
310	NaN	NaN	NaN	NaN	NaN	NaN	NaN	NaN	1.502540	1.180919	4.107200	
311	NaN	NaN	NaN	NaN	NaN	NaN	NaN	NaN	1.500751	1.194056	4.794650	
312	NaN	NaN	NaN	NaN	NaN	NaN	NaN	NaN	1.498174	1.204518	1.697066	
313	NaN	NaN	NaN	NaN	NaN	NaN	NaN	NaN	1.495970	1.214696	2.938690	
314	NaN	NaN	NaN	NaN	NaN	NaN	NaN	NaN	1.492585	1.226303	0.502623	
315	NaN	NaN	NaN	NaN	NaN	NaN	NaN	NaN	1.489107	1.237742	2.946277	
316	NaN	NaN	NaN	NaN	NaN	NaN	NaN	NaN	1.482081	1.242667	1.806720	
317	NaN	NaN	NaN	NaN	NaN	NaN	NaN	NaN	1.479770	1.255534	0.555802	
318	NaN	NaN	NaN	NaN	NaN	NaN	NaN	NaN	1.482224	1.272168	-1.388465	
319	NaN	NaN	NaN	NaN	NaN	NaN	NaN	NaN	1.478817	1.282069	2.365131	
320	NaN	NaN	NaN	NaN	NaN	NaN	NaN	NaN	1.473959	1.292414	1.192883	
321	NaN	NaN	NaN	NaN	NaN	NaN	NaN	NaN	1.472796	1.304785	1.738722	
322	NaN	NaN	NaN	NaN	NaN	NaN	NaN	NaN	1.470997	1.318235	0.434698	
323	NaN	NaN	NaN	NaN	NaN	NaN	NaN	NaN	1.468206	1.331576	1.607200	
324	NaN	NaN	NaN	NaN	NaN	NaN	NaN	NaN	1.465487	1.342741	3.478332	
325	NaN	NaN	NaN	NaN	NaN	NaN	NaN	NaN	1.463685	1.355416	-0.195847	
326	NaN	NaN	NaN	NaN	NaN	NaN	NaN	NaN	1.463323	1.369767	1.002441	
327	NaN	NaN	NaN	NaN	NaN	NaN	NaN	NaN	1.462936	1.385807	1.622126	
328	NaN	NaN	NaN	NaN	NaN	NaN	NaN	NaN	1.461663	1.400374	0.538635	
329	NaN	NaN	NaN	NaN	NaN	NaN	NaN	NaN	1.460111	1.412424	-0.713768	
330	NaN	NaN	NaN	NaN	NaN	NaN	NaN	NaN	1.457651	1.424036	2.219583	
331	NaN	NaN	NaN	NaN	NaN	NaN	NaN	NaN	1.459770	1.439669	-0.697445	
332	NaN	NaN	NaN	NaN	NaN	NaN	NaN	NaN	NaN	NaN	1.197638	
333	NaN	NaN	NaN	NaN	NaN	NaN	NaN	NaN	NaN	NaN	1.052918	
334	NaN	NaN	NaN	NaN	NaN	NaN	NaN	NaN	NaN	NaN	1.090036	
335	NaN	NaN	NaN	NaN	NaN	NaN	NaN	NaN	NaN	NaN	1.094557	
336	NaN	NaN	NaN	NaN	NaN	NaN	NaN	NaN	NaN	NaN	2.943587	
337	NaN	NaN	NaN	NaN	NaN	NaN	NaN	NaN	NaN	NaN	1.584878	
338	NaN	NaN	NaN	NaN	NaN	NaN	NaN	NaN	NaN	NaN	2.889493	
339	NaN	NaN	NaN	NaN	NaN	NaN	NaN	NaN	NaN	NaN	2.272936	
340	NaN	NaN	NaN	NaN	NaN	NaN	NaN	NaN	NaN	NaN	1.701605	
341	NaN	NaN	NaN	NaN	NaN	NaN	NaN	NaN	NaN	NaN	4.067617	
342	NaN	NaN	NaN	NaN	NaN	NaN	NaN	NaN	NaN	NaN	1.143070	
343	NaN	NaN	NaN	NaN	NaN	NaN	NaN	NaN	NaN	NaN	0.423645	
344	NaN	NaN	NaN	NaN	NaN	NaN	NaN	NaN	NaN	NaN	1.709730	
345	NaN	NaN	NaN	NaN	NaN	NaN	NaN	NaN	NaN	NaN	3.608291	
346	NaN	NaN	NaN	NaN	NaN	NaN	NaN	NaN	NaN	NaN	2.854614	
347	NaN	NaN	NaN	NaN	NaN	NaN	NaN	NaN	NaN	NaN	1.741224	
348	NaN	NaN	NaN	NaN	NaN	NaN	NaN	NaN	NaN	NaN	-0.661066	
349	NaN	NaN	NaN	NaN	NaN	NaN	NaN	NaN	NaN	NaN	1.737138	
350	NaN	NaN	NaN	NaN	NaN	NaN	NaN	NaN	NaN	NaN	2.237589	
351	NaN	NaN	NaN	NaN	NaN	NaN	NaN	NaN	NaN	NaN	3.561026	
352	NaN	NaN	NaN	NaN	NaN	NaN	NaN	NaN	NaN	NaN	2.232421	
353	NaN	NaN	NaN	NaN	NaN	NaN	NaN	NaN	NaN	NaN	0.532349	
354	NaN	NaN	NaN	NaN	NaN	NaN	NaN	NaN	NaN	NaN	2.874222	
355	NaN	NaN	NaN	NaN	NaN	NaN	NaN	NaN	NaN	NaN	1.650853	
356	NaN	NaN	NaN	NaN	NaN	NaN	NaN	NaN	NaN	NaN	3.010012	
357	NaN	NaN	NaN	NaN	NaN	NaN	NaN	NaN	NaN	NaN	2.887311	
358	NaN	NaN	NaN	NaN	NaN	NaN	NaN	NaN	NaN	NaN	2.307359	
359	NaN	NaN	NaN	NaN	NaN	NaN	NaN	NaN	NaN	NaN	1.739943	
360	NaN	NaN	NaN	NaN	NaN	NaN	NaN	NaN	NaN	NaN	1.706695	
361	NaN	NaN	NaN	NaN	NaN	NaN	NaN	NaN	NaN	NaN	-0.234491	
362	NaN	NaN	NaN	NaN	NaN	NaN	NaN	NaN	NaN	NaN	2.328271	
363	NaN	NaN	NaN	NaN	NaN	NaN	NaN	NaN	NaN	NaN	0.500296	
364	NaN	NaN	NaN	NaN	NaN	NaN	NaN	NaN	NaN	NaN	3.450865	
365	NaN	NaN	NaN	NaN	NaN	NaN	NaN	NaN	NaN	NaN	1.717164	
366	NaN	NaN	NaN	NaN	NaN	NaN	NaN	NaN	NaN	NaN	2.237675	
367	NaN	NaN	NaN	NaN	NaN	NaN	NaN	NaN	NaN	NaN	3.392396	
368	NaN	NaN	NaN	NaN	NaN	NaN	NaN	NaN	NaN	NaN	2.928305	
369	NaN	NaN	NaN	NaN	NaN	NaN	NaN	NaN	NaN	NaN	0.590606	
370	NaN	NaN	NaN	NaN	NaN	NaN	NaN	NaN	NaN	NaN	-1.944346	
371	NaN	NaN	NaN	NaN	NaN	NaN	NaN	NaN	NaN	NaN	1.086626	
372	NaN	NaN	NaN	NaN	NaN	NaN	NaN	NaN	NaN	NaN	2.932321	
373	NaN	NaN	NaN	NaN	NaN	NaN	NaN	NaN	NaN	NaN	1.087309	
374	NaN	NaN	NaN	NaN	NaN	NaN	NaN	NaN	NaN	NaN	2.399948	
375	NaN	NaN	NaN	NaN	NaN	NaN	NaN	NaN	NaN	NaN	-0.103815	
376	NaN	NaN	NaN	NaN	NaN	NaN	NaN	NaN	NaN	NaN	1.668943	
377	NaN	NaN	NaN	NaN	NaN	NaN	NaN	NaN	NaN	NaN	-0.031129	
378	NaN	NaN	NaN	NaN	NaN	NaN	NaN	NaN	NaN	NaN	2.196759	
379	NaN	NaN	NaN	NaN	NaN	NaN	NaN	NaN	NaN	NaN	1.809372	
380	NaN	NaN	NaN	NaN	NaN	NaN	NaN	NaN	NaN	NaN	1.752819	
381	NaN	NaN	NaN	NaN	NaN	NaN	NaN	NaN	NaN	NaN	1.732472	
382	NaN	NaN	NaN	NaN	NaN	NaN	NaN	NaN	NaN	NaN	0.977342	
383	NaN	NaN	NaN	NaN	NaN	NaN	NaN	NaN	NaN	NaN	-0.148887	
384	NaN	NaN	NaN	NaN	NaN	NaN	NaN	NaN	NaN	NaN	1.694436	
385	NaN	NaN	NaN	NaN	NaN	NaN	NaN	NaN	NaN	NaN	1.688758	
386	NaN	NaN	NaN	NaN	NaN	NaN	NaN	NaN	NaN	NaN	1.682782	
387	NaN	NaN	NaN	NaN	NaN	NaN	NaN	NaN	NaN	NaN	2.835292	
388	NaN	NaN	NaN	NaN	NaN	NaN	NaN	NaN	NaN	NaN	0.528841	
389	NaN	NaN	NaN	NaN	NaN	NaN	NaN	NaN	NaN	NaN	2.280063	
390	NaN	NaN	NaN	NaN	NaN	NaN	NaN	NaN	NaN	NaN	2.838477	
391	NaN	NaN	NaN	NaN	NaN	NaN	NaN	NaN	NaN	NaN	1.611375	
392	NaN	NaN	NaN	NaN	NaN	NaN	NaN	NaN	NaN	NaN	2.897767	
393	NaN	NaN	NaN	NaN	NaN	NaN	NaN	NaN	NaN	NaN	3.600663	
394	NaN	NaN	NaN	NaN	NaN	NaN	NaN	NaN	NaN	NaN	1.731310	
395	NaN	NaN	NaN	NaN	NaN	NaN	NaN	NaN	NaN	NaN	-0.158718	
396	NaN	NaN	NaN	NaN	NaN	NaN	NaN	NaN	NaN	NaN	0.489751	
397	NaN	NaN	NaN	NaN	NaN	NaN	NaN	NaN	NaN	NaN	0.408545	
398	NaN	NaN	NaN	NaN	NaN	NaN	NaN	NaN	NaN	NaN	0.309640	
399	NaN	NaN	NaN	NaN	NaN	NaN	NaN	NaN	NaN	NaN	NaN	
400	NaN	NaN	NaN	NaN	NaN	NaN	NaN	NaN	NaN	NaN	NaN	
