Testing	// User ID
7-2-2025	// Evaluation date
KR_Walk_BW1	6-2-2025	12:22:21:495	// Source file name and timestamp
100.000	// Sampling rate
4.000	// Data capture period



Sample #	Right_Foot_COM_X	Right_Foot_COM_Y	RightAnklePosX	RightAnklePosY	RightKnee.Pos.X	RightKneePosY	RightHip_PosX	RightHipPosY	ThoraxCOMPosY	ThoraxCOMPosX	GRF_MoundY	
0	NaN	NaN	NaN	NaN	NaN	NaN	NaN	NaN	NaN	NaN	0.218521	
1	NaN	NaN	NaN	NaN	NaN	NaN	NaN	NaN	NaN	NaN	0.023454	
2	NaN	NaN	NaN	NaN	NaN	NaN	NaN	NaN	NaN	NaN	-0.670343	
3	NaN	NaN	NaN	NaN	NaN	NaN	NaN	NaN	NaN	NaN	-1.223974	
4	NaN	NaN	NaN	NaN	NaN	NaN	NaN	NaN	NaN	NaN	-0.080333	
5	NaN	NaN	NaN	NaN	NaN	NaN	NaN	NaN	NaN	NaN	-1.062267	
6	NaN	NaN	NaN	NaN	NaN	NaN	NaN	NaN	NaN	NaN	-0.001159	
7	NaN	NaN	NaN	NaN	NaN	NaN	NaN	NaN	NaN	NaN	-1.712439	
8	NaN	NaN	NaN	NaN	NaN	NaN	NaN	NaN	NaN	NaN	-0.055522	
9	NaN	NaN	NaN	NaN	NaN	NaN	NaN	NaN	NaN	NaN	1.071632	
10	NaN	NaN	NaN	NaN	NaN	NaN	NaN	NaN	NaN	NaN	-0.090647	
11	NaN	NaN	NaN	NaN	NaN	NaN	NaN	NaN	NaN	NaN	0.229816	
12	NaN	NaN	NaN	NaN	NaN	NaN	NaN	NaN	NaN	NaN	-1.179247	
13	NaN	NaN	NaN	NaN	NaN	NaN	NaN	NaN	NaN	NaN	1.372393	
14	NaN	NaN	NaN	NaN	NaN	NaN	NaN	NaN	NaN	NaN	-0.680722	
15	NaN	NaN	NaN	NaN	NaN	NaN	NaN	NaN	NaN	NaN	-1.615788	
16	NaN	NaN	NaN	NaN	NaN	NaN	NaN	NaN	NaN	NaN	1.304658	
17	NaN	NaN	NaN	NaN	NaN	NaN	NaN	NaN	NaN	NaN	0.841964	
18	NaN	NaN	NaN	NaN	NaN	NaN	NaN	NaN	NaN	NaN	-0.640050	
19	NaN	NaN	NaN	NaN	NaN	NaN	NaN	NaN	NaN	NaN	0.982111	
20	NaN	NaN	NaN	NaN	NaN	NaN	NaN	NaN	NaN	NaN	0.307253	
21	NaN	NaN	NaN	NaN	NaN	NaN	NaN	NaN	NaN	NaN	1.078416	
22	NaN	NaN	NaN	NaN	NaN	NaN	NaN	NaN	NaN	NaN	-0.008081	
23	NaN	NaN	NaN	NaN	NaN	NaN	NaN	NaN	NaN	NaN	-1.876327	
24	NaN	NaN	NaN	NaN	NaN	NaN	NaN	NaN	NaN	NaN	0.945534	
25	NaN	NaN	NaN	NaN	NaN	NaN	NaN	NaN	NaN	NaN	-0.541122	
26	NaN	NaN	NaN	NaN	NaN	NaN	NaN	NaN	NaN	NaN	1.402329	
27	NaN	NaN	NaN	NaN	NaN	NaN	NaN	NaN	NaN	NaN	-0.285547	
28	NaN	NaN	NaN	NaN	NaN	NaN	NaN	NaN	NaN	NaN	-0.026749	
29	NaN	NaN	NaN	NaN	NaN	NaN	NaN	NaN	NaN	NaN	0.514309	
30	NaN	NaN	NaN	NaN	NaN	NaN	NaN	NaN	NaN	NaN	0.903429	
31	NaN	NaN	NaN	NaN	NaN	NaN	NaN	NaN	NaN	NaN	0.676895	
32	NaN	NaN	NaN	NaN	NaN	NaN	NaN	NaN	NaN	NaN	-0.315653	
33	NaN	NaN	NaN	NaN	NaN	NaN	NaN	NaN	NaN	NaN	-1.132908	
34	NaN	NaN	NaN	NaN	NaN	NaN	NaN	NaN	NaN	NaN	0.688353	
35	NaN	NaN	NaN	NaN	NaN	NaN	NaN	NaN	NaN	NaN	0.957812	
36	NaN	NaN	NaN	NaN	NaN	NaN	NaN	NaN	NaN	NaN	0.275932	
37	NaN	NaN	NaN	NaN	NaN	NaN	NaN	NaN	NaN	NaN	-0.822699	
38	NaN	NaN	NaN	NaN	NaN	NaN	NaN	NaN	1.520309	-1.786612	1.417476	
39	NaN	NaN	NaN	NaN	NaN	NaN	NaN	NaN	1.523521	-1.771164	-0.570595	
40	NaN	NaN	NaN	NaN	NaN	NaN	NaN	NaN	1.522423	-1.765312	-0.235040	
41	NaN	NaN	NaN	NaN	NaN	NaN	NaN	NaN	1.519224	-1.762912	-1.100075	
42	NaN	NaN	NaN	NaN	NaN	NaN	NaN	NaN	1.515212	-1.761666	-1.348596	
43	NaN	NaN	NaN	NaN	NaN	NaN	NaN	NaN	1.518121	-1.749454	-0.806111	
44	NaN	NaN	NaN	NaN	NaN	NaN	NaN	NaN	1.520633	-1.736840	0.938240	
45	NaN	NaN	NaN	NaN	NaN	NaN	NaN	NaN	1.514359	-1.737571	0.998001	
46	NaN	NaN	NaN	NaN	NaN	NaN	NaN	NaN	1.508609	-1.736531	-1.119533	
47	NaN	NaN	NaN	NaN	NaN	NaN	NaN	NaN	1.505606	-1.728803	0.551713	
48	NaN	NaN	NaN	NaN	NaN	NaN	NaN	NaN	1.501716	-1.722225	-0.327929	
49	NaN	NaN	NaN	NaN	NaN	NaN	NaN	NaN	1.497031	-1.718229	0.728503	
50	NaN	NaN	NaN	NaN	NaN	NaN	NaN	NaN	1.491901	-1.715424	1.071535	
51	NaN	NaN	NaN	NaN	NaN	NaN	NaN	NaN	1.486565	-1.713333	0.499799	
52	NaN	NaN	NaN	NaN	NaN	NaN	NaN	NaN	1.481567	-1.712017	1.019766	
53	NaN	NaN	NaN	NaN	NaN	NaN	NaN	NaN	1.476028	-1.713792	0.617960	
54	NaN	NaN	NaN	NaN	NaN	NaN	NaN	NaN	1.470742	-1.715707	-0.961184	
55	NaN	NaN	NaN	NaN	NaN	NaN	NaN	NaN	1.466194	-1.716088	-1.916134	
56	NaN	NaN	NaN	NaN	NaN	NaN	NaN	NaN	1.462339	-1.714814	-0.447151	
57	NaN	NaN	NaN	NaN	NaN	NaN	NaN	NaN	1.459603	-1.710968	-0.565736	
58	NaN	NaN	NaN	NaN	NaN	NaN	NaN	NaN	1.457855	-1.703420	-0.677360	
59	NaN	NaN	NaN	NaN	NaN	NaN	NaN	NaN	1.457380	-1.691299	1.214064	
60	NaN	NaN	NaN	NaN	NaN	NaN	NaN	NaN	1.458431	-1.674662	-2.173630	
61	NaN	NaN	NaN	NaN	NaN	NaN	NaN	NaN	1.458059	-1.662799	1.065839	
62	NaN	NaN	NaN	NaN	NaN	NaN	NaN	NaN	1.459442	-1.644892	-1.813539	
63	NaN	NaN	NaN	NaN	NaN	NaN	NaN	NaN	NaN	NaN	-0.151159	
64	NaN	NaN	NaN	NaN	NaN	NaN	NaN	NaN	NaN	NaN	1.227976	
65	NaN	NaN	NaN	NaN	NaN	NaN	NaN	NaN	NaN	NaN	1.130576	
66	NaN	NaN	NaN	NaN	NaN	NaN	NaN	NaN	NaN	NaN	0.998642	
67	NaN	NaN	NaN	NaN	NaN	NaN	NaN	NaN	NaN	NaN	-0.505455	
68	NaN	NaN	NaN	NaN	NaN	NaN	NaN	NaN	NaN	NaN	1.429495	
69	NaN	NaN	NaN	NaN	NaN	NaN	NaN	NaN	NaN	NaN	-0.094137	
70	NaN	NaN	NaN	NaN	NaN	NaN	NaN	NaN	NaN	NaN	-1.067031	
71	NaN	NaN	NaN	NaN	NaN	NaN	NaN	NaN	NaN	NaN	0.287038	
72	NaN	NaN	NaN	NaN	NaN	NaN	NaN	NaN	NaN	NaN	0.541843	
73	NaN	NaN	NaN	NaN	NaN	NaN	NaN	NaN	NaN	NaN	0.288251	
74	NaN	NaN	NaN	NaN	NaN	NaN	NaN	NaN	NaN	NaN	-0.996906	
75	NaN	NaN	NaN	NaN	NaN	NaN	NaN	NaN	NaN	NaN	-0.660337	
76	NaN	NaN	NaN	NaN	NaN	NaN	NaN	NaN	NaN	NaN	-1.027612	
77	NaN	NaN	NaN	NaN	NaN	NaN	NaN	NaN	NaN	NaN	0.258875	
78	NaN	NaN	NaN	NaN	NaN	NaN	NaN	NaN	NaN	NaN	1.580360	
79	NaN	NaN	NaN	NaN	NaN	NaN	NaN	NaN	NaN	NaN	-2.001409	
80	NaN	NaN	NaN	NaN	NaN	NaN	NaN	NaN	NaN	NaN	4.979913	
81	NaN	NaN	NaN	NaN	NaN	NaN	NaN	NaN	NaN	NaN	0.779392	
82	NaN	NaN	NaN	NaN	NaN	NaN	NaN	NaN	NaN	NaN	0.838288	
83	NaN	NaN	NaN	NaN	NaN	NaN	NaN	NaN	NaN	NaN	-0.666497	
84	NaN	NaN	NaN	NaN	NaN	NaN	NaN	NaN	NaN	NaN	0.064224	
85	NaN	NaN	NaN	NaN	NaN	NaN	NaN	NaN	NaN	NaN	-0.823183	
86	NaN	NaN	NaN	NaN	NaN	NaN	NaN	NaN	NaN	NaN	1.729421	
87	NaN	NaN	NaN	NaN	NaN	NaN	NaN	NaN	NaN	NaN	1.579697	
88	NaN	NaN	NaN	NaN	NaN	NaN	NaN	NaN	NaN	NaN	0.117881	
89	NaN	NaN	NaN	NaN	NaN	NaN	NaN	NaN	NaN	NaN	-0.001961	
90	NaN	NaN	NaN	NaN	NaN	NaN	NaN	NaN	NaN	NaN	-0.263217	
91	NaN	NaN	NaN	NaN	NaN	NaN	NaN	NaN	NaN	NaN	0.456831	
92	-1.159945	0.065278	-1.239460	0.107903	-1.257992	0.547927	-1.380780	0.961213	NaN	NaN	-1.096990	
93	-1.159345	0.067963	-1.240098	0.106814	-1.253022	0.546903	-1.370595	0.961702	NaN	NaN	-1.575220	
94	-1.158363	0.069667	-1.240020	0.105737	-1.248399	0.545832	-1.361266	0.961942	NaN	NaN	-0.330471	
95	-1.156448	0.072840	-1.239707	0.104731	-1.243776	0.544855	-1.352856	0.961975	NaN	NaN	0.383501	
96	-1.153525	0.084148	-1.241439	0.105363	-1.240941	0.545330	-1.340209	0.964920	NaN	NaN	1.288328	
97	-1.150130	0.095421	-1.243015	0.106395	-1.238189	0.546118	-1.326466	0.968183	NaN	NaN	1.409709	
98	-1.149121	0.091480	-1.240418	0.105344	-1.235145	0.545160	-1.319971	0.968001	1.488657	-1.268706	0.663290	
99	-1.152481	0.078969	-1.238178	0.105153	-1.229842	0.545024	-1.315974	0.967581	1.485989	-1.263194	0.307069	
100	-1.155688	0.073576	-1.239311	0.105194	-1.222669	0.544711	-1.307354	0.967553	1.490474	-1.252718	-2.456790	
101	-1.152691	0.076746	-1.237849	0.105095	-1.218324	0.544416	-1.297980	0.968206	1.492121	-1.242276	-0.717258	
102	-1.147087	0.085844	-1.236200	0.106419	-1.213180	0.545522	-1.288410	0.969973	1.493838	-1.232152	1.628785	
103	-1.155943	0.080826	-1.240379	0.109842	-1.207981	0.548133	-1.275481	0.973817	1.496786	-1.222774	0.975101	
104	-1.157542	0.080484	-1.243534	0.106107	-1.205182	0.543872	-1.266059	0.970953	1.496330	-1.214605	1.761308	
105	-1.154274	0.080525	-1.240166	0.106281	-1.198536	0.543601	-1.254811	0.971491	1.495307	-1.207752	-2.884203	
106	-1.155605	0.074325	-1.239235	0.105004	-1.193504	0.541558	-1.243356	0.970333	1.496154	-1.197714	-2.139981	
107	-1.153160	0.078920	-1.239423	0.104598	-1.191762	0.540887	-1.234050	0.970485	1.500664	-1.181840	1.199542	
108	-1.152742	0.078824	-1.239079	0.105217	-1.185983	0.540928	-1.219757	0.971273	1.501669	-1.171926	-0.342767	
109	-1.158132	0.064282	-1.239100	0.102145	-1.180640	0.537241	-1.211258	0.967877	1.497650	-1.169798	-0.602069	
110	-1.158873	0.063422	-1.240099	0.101121	-1.177676	0.536042	-1.201818	0.967139	1.501364	-1.151226	2.900118	
111	-1.155699	0.076609	-1.241153	0.106143	-1.173684	0.540361	-1.185675	0.971946	1.510903	-1.130238	0.436424	
112	-1.155020	0.080858	-1.241069	0.109797	-1.169247	0.543442	-1.173782	0.975137	1.514027	-1.116175	1.722368	
113	-1.154669	0.078533	-1.238995	0.109471	-1.163809	0.541553	-1.163925	0.973277	1.515876	-1.100495	-0.385439	
114	-1.155815	0.075962	-1.238873	0.108373	-1.157877	0.538962	-1.150969	0.970621	1.517428	-1.090020	0.861108	
115	-1.155620	0.071565	-1.237604	0.105802	-1.155421	0.536178	-1.140433	0.967610	1.514071	-1.084331	-0.458974	
116	-1.158036	0.056576	-1.233641	0.102896	-1.153056	0.532850	-1.131580	0.964065	1.507437	-1.080810	0.588773	
117	-1.152737	0.065876	-1.231049	0.103892	-1.149659	0.533625	-1.121696	0.964328	1.508019	-1.074465	1.854163	
118	-1.154650	0.063658	-1.231363	0.104839	-1.144971	0.534328	-1.113465	0.964624	1.509528	-1.062090	1.053161	
119	-1.163851	0.046645	-1.234213	0.103720	-1.146539	0.533619	-1.104233	0.962901	1.512165	-1.044359	-0.429910	
120	-1.168925	0.046359	-1.239188	0.104433	-1.141500	0.532656	-1.094027	0.961370	1.512924	-1.032606	1.523430	
121	-1.160366	0.060818	-1.236419	0.107045	-1.131555	0.533897	-1.089772	0.963004	1.512057	-1.023369	-0.346676	
122	-1.152490	0.068400	-1.233606	0.104424	-1.129121	0.531298	-1.091477	0.960974	1.509019	-1.020647	0.303009	
123	-1.152876	0.067875	-1.231782	0.108381	-1.120892	0.533326	-1.077616	0.962629	1.508040	-1.015864	0.098987	
124	-1.156292	0.062600	-1.230299	0.112544	-1.111795	0.535629	-1.062943	0.964074	1.506000	-1.011991	1.557555	
125	-1.154427	0.062322	-1.229760	0.109625	-1.109372	0.531999	-1.056732	0.960144	1.502988	-1.008317	1.329064	
126	-1.152487	0.060288	-1.227374	0.108826	-1.103451	0.530050	-1.053923	0.958375	1.499154	-1.006071	1.267219	
127	-1.154167	0.050315	-1.224864	0.108267	-1.096848	0.528298	-1.052927	0.956900	1.494969	-1.005112	0.235607	
128	-1.149672	0.062100	-1.225718	0.107205	-1.094158	0.525849	-1.039313	0.953548	1.489896	-0.997564	1.115451	
129	-1.149683	0.058676	-1.223073	0.108034	-1.088229	0.525688	-1.019045	0.951155	1.486545	-0.992932	2.394645	
130	-1.147056	0.060168	-1.220824	0.108198	-1.080165	0.524374	-1.011175	0.949135	1.483737	-0.987455	-1.668895	
131	-1.147028	0.062027	-1.221846	0.108256	-1.074541	0.522182	-1.015331	0.948050	1.480986	-0.982091	-1.463336	
132	-1.147752	0.063912	-1.222447	0.110638	-1.067930	0.521690	-1.016128	0.948319	1.480109	-0.977815	1.769357	
133	-1.149850	0.057913	-1.220208	0.112492	-1.058630	0.520363	-1.004631	0.947746	1.478665	-0.960095	0.107827	
134	-1.148696	0.057784	-1.220098	0.110566	-1.051783	0.516329	-0.991011	0.943139	1.476947	-0.941375	0.476582	
135	-1.147021	0.068384	-1.221486	0.116283	-1.044362	0.518788	-0.975899	0.944026	1.477339	-0.924674	1.255284	
136	-1.146489	0.069800	-1.219087	0.120913	-1.035722	0.520612	-0.960063	0.944518	1.477199	-0.901666	-0.419880	
137	-1.149368	0.064758	-1.215035	0.126460	-1.025037	0.522040	-0.943278	0.944946	1.477016	-0.879733	1.734342	
138	-1.148149	0.057994	-1.209020	0.126942	-1.013755	0.519923	-0.925884	0.941583	1.476260	-0.860779	0.935847	
139	-1.143629	0.059512	-1.204803	0.126058	-1.003425	0.516392	-0.910491	0.936980	1.472965	-0.842014	0.359145	
140	-1.151202	0.051188	-1.203646	0.131512	-0.992976	0.517468	-0.894869	0.937182	1.474847	-0.826751	1.441012	
141	-1.153267	0.054160	-1.201689	0.138264	-0.981705	0.519471	-0.880683	0.938655	1.478004	-0.813527	3.232764	
142	-1.146579	0.061530	-1.196707	0.140483	-0.967971	0.516653	-0.865884	0.935670	1.472697	-0.801327	1.523597	
143	-1.144187	0.065581	-1.192688	0.145367	-0.953398	0.514523	-0.849082	0.933242	1.471853	-0.788960	-0.679725	
144	-1.147641	0.064942	-1.186716	0.154379	-0.939295	0.518251	-0.834515	0.936912	1.478311	-0.774802	1.361118	
145	-1.147763	0.055180	-1.175993	0.155372	-0.926121	0.517819	-0.832602	0.939147	1.477851	-0.765461	1.037818	
146	-1.145180	0.054284	-1.168666	0.157555	-0.911588	0.515070	-0.824698	0.937929	1.475470	-0.755394	-0.128196	
147	-1.140739	0.060714	-1.162743	0.163232	-0.897601	0.514919	-0.809853	0.937606	1.475298	-0.743689	0.642092	
148	-1.143344	0.054084	-1.149407	0.168242	-0.879504	0.516201	-0.804032	0.941212	1.476896	-0.735679	-1.113555	
149	-1.140385	0.060086	-1.137148	0.174403	-0.859740	0.516762	-0.787777	0.942454	1.478008	-0.724076	1.484893	
150	-1.136917	0.068243	-1.124699	0.182565	-0.838205	0.517466	-0.780832	0.945393	1.481767	-0.715072	2.036767	
151	-1.129135	0.085139	-1.109865	0.194687	-0.811473	0.518076	-0.773169	0.948205	1.489275	-0.703977	0.698525	
152	-1.119008	0.095282	-1.094783	0.201027	-0.787920	0.515979	-0.764215	0.947168	1.491581	-0.697257	1.340963	
153	-1.104588	0.104364	-1.081314	0.206541	-0.764637	0.512580	-0.755040	0.944314	1.489030	-0.685280	2.326273	
154	-1.093080	0.115098	-1.059520	0.216688	-0.736339	0.516147	-0.742509	0.947935	1.487563	-0.672240	2.065758	
155	-1.057833	0.134705	-1.036877	0.227371	-0.707715	0.520187	-0.731227	0.951369	1.490810	-0.662052	2.470063	
156	-1.023218	0.141455	-1.018817	0.231334	-0.686121	0.520159	-0.719090	0.950735	1.495292	-0.651984	1.115207	
157	-1.004128	0.145790	-0.998711	0.235426	-0.664761	0.522638	-0.704015	0.952667	1.497507	-0.642341	-0.650656	
158	-0.980600	0.153676	-0.976191	0.243778	-0.640674	0.529260	-0.682835	0.959037	1.503390	-0.632257	-0.663936	
159	-0.965250	0.158632	-0.953371	0.247675	-0.617693	0.533160	-0.676997	0.960909	1.503822	-0.622865	1.331006	
160	-0.941403	0.161555	-0.930545	0.250464	-0.595228	0.536487	-0.681024	0.959622	1.498288	-0.615230	-2.036604	
161	-0.911885	0.165162	-0.905976	0.254541	-0.571673	0.541854	-0.674923	0.960984	1.497965	-0.606057	0.126143	
162	-0.892219	0.168141	-0.881593	0.256979	-0.549443	0.546420	-0.665335	0.962068	1.498662	-0.595703	0.910841	
163	-0.863855	0.170010	-0.858209	0.259280	-0.528106	0.551026	-0.654184	0.963643	1.501231	-0.585619	1.226751	
164	-0.827461	0.172016	-0.831416	0.261093	-0.505971	0.557929	-0.641398	0.967681	1.504720	-0.573476	0.229916	
165	-0.799980	0.171018	-0.804623	0.259627	-0.484590	0.561815	-0.629417	0.968367	1.505506	-0.565622	1.075284	
166	-0.771275	0.171398	-0.780476	0.259603	-0.465347	0.567526	-0.622303	0.969562	1.504759	-0.559308	0.249198	
167	-0.744306	0.170593	-0.755790	0.258600	-0.447217	0.573389	-0.617448	0.969863	1.503536	-0.551606	2.804412	
168	-0.714023	0.167660	-0.729232	0.254639	-0.430115	0.578171	-0.606411	0.971931	1.506833	-0.536238	0.986694	
169	-0.682301	0.162626	-0.700590	0.248882	-0.412415	0.582027	-0.592560	0.974105	1.511923	-0.522266	0.807163	
170	-0.649639	0.155422	-0.672087	0.241119	-0.394134	0.583091	-0.582222	0.971193	1.512279	-0.512865	-0.687773	
171	-0.617538	0.151558	-0.647028	0.235193	-0.379484	0.585834	-0.572146	0.971743	1.510565	-0.503465	0.447774	
172	-0.586168	0.146581	-0.620973	0.228235	-0.364839	0.587522	-0.561368	0.971525	1.510439	-0.495623	1.275464	
173	-0.548662	0.142468	-0.593048	0.218717	-0.350060	0.586959	-0.543817	0.972537	1.514693	-0.480600	-0.328715	
174	-0.514637	0.137188	-0.562074	0.212228	-0.338567	0.592927	-0.528930	0.980483	1.518485	-0.463638	-1.365985	
175	-0.484002	0.126500	-0.528328	0.203929	-0.329965	0.598396	-0.522796	0.984788	1.518410	-0.453719	0.105392	
176	-0.439385	0.126683	-0.492079	0.197081	-0.312950	0.600533	-0.518498	0.980238	1.517209	-0.450326	0.023963	
177	-0.402153	0.126458	-0.459586	0.193982	-0.292631	0.602721	-0.504304	0.979088	1.520078	-0.441746	2.257927	
178	-0.368353	0.120623	-0.428239	0.186763	-0.275184	0.600965	-0.486836	0.977270	1.520862	-0.427078	0.243069	
179	-0.329977	0.115496	-0.394516	0.176305	-0.264191	0.598237	-0.480815	0.971516	1.515750	-0.421562	1.491928	
180	-0.290410	0.113250	-0.360448	0.167359	-0.253311	0.595762	-0.472910	0.967179	1.509930	-0.424893	0.343569	
181	-0.251212	0.111367	-0.323418	0.162266	-0.239651	0.595821	-0.462612	0.965134	1.508396	-0.413610	1.944929	
182	-0.213912	0.104025	-0.285452	0.155299	-0.230926	0.593577	-0.456912	0.960934	1.506996	-0.392871	0.096104	
183	-0.175159	0.104003	-0.250336	0.149620	-0.220701	0.590319	-0.448542	0.956330	1.505325	-0.380311	0.823279	
184	-0.136199	0.108762	-0.216124	0.146581	-0.206282	0.588143	-0.430923	0.956187	1.507204	-0.365887	1.036666	
185	-0.098065	0.123546	-0.185157	0.148866	-0.188533	0.590475	-0.410888	0.960417	1.515055	-0.347752	-1.419398	
186	-0.063691	0.123472	-0.151273	0.145363	-0.176016	0.586266	-0.391318	0.960358	1.515483	-0.332604	0.707630	
187	-0.031720	0.117582	-0.117720	0.140465	-0.170094	0.579030	-0.379742	0.956159	1.509267	-0.321934	0.128326	
188	-0.002145	0.117909	-0.088841	0.137922	-0.162941	0.573374	-0.370416	0.951652	1.502022	-0.312114	1.308583	
189	0.028952	0.133504	-0.062540	0.139168	-0.152094	0.571607	-0.358262	0.950791	1.505406	-0.300639	0.783865	
190	0.049356	0.130610	-0.039159	0.140348	-0.140984	0.570025	-0.352533	0.946323	1.506573	-0.290508	2.030586	
191	0.073913	0.136399	-0.016035	0.138924	-0.128636	0.566019	-0.351765	0.935260	1.500121	-0.279720	2.472440	
192	0.096912	0.139186	0.007583	0.141516	-0.119898	0.564380	-0.343482	0.933554	1.499830	-0.265845	0.403957	
193	0.119555	0.143553	0.030157	0.146148	-0.108573	0.565484	-0.326924	0.937846	1.499015	-0.253598	2.948774	
194	0.140027	0.154889	0.048718	0.147921	-0.099179	0.564163	-0.310361	0.940705	1.496665	-0.241695	0.688377	
195	0.152677	0.152409	0.062523	0.147332	-0.090739	0.561563	-0.302660	0.937822	1.495806	-0.231224	-0.410118	
196	0.163591	0.154325	0.073208	0.146951	-0.079712	0.561284	-0.293412	0.936541	1.494557	-0.219599	1.690599	
197	0.172027	0.148283	0.082066	0.143094	-0.067593	0.558518	-0.279748	0.934640	1.493046	-0.207613	1.049359	
198	0.177682	0.133133	0.089295	0.137453	-0.056575	0.554170	-0.266919	0.931273	1.489455	-0.194790	2.167590	
199	0.182500	0.129155	0.094196	0.132599	-0.044758	0.551567	-0.253057	0.929840	1.487340	-0.183077	0.192796	
200	0.186801	0.129105	0.097260	0.131253	-0.032379	0.553179	-0.242603	0.930364	1.486057	-0.172576	5.357462	
201	0.187791	0.115612	0.100293	0.127803	-0.020902	0.552110	-0.232562	0.928486	1.484941	-0.161965	37.552410	
202	0.192979	0.111468	0.105673	0.124961	-0.009965	0.550682	-0.215956	0.930216	1.485880	-0.148195	107.624836	
203	0.202872	0.116564	0.111843	0.122303	-0.000612	0.548863	-0.209005	0.927058	1.483307	-0.135081	190.848425	
204	0.208241	0.108653	0.116951	0.117819	0.008944	0.545656	-0.205789	0.920192	1.479492	-0.123781	212.139941	
205	0.209579	0.099976	0.121315	0.118515	0.021933	0.548386	-0.188474	0.925494	1.483377	-0.109747	224.592983	
206	0.215022	0.098674	0.125592	0.116426	0.033116	0.547849	-0.168993	0.929467	1.484649	-0.096307	253.234851	
207	0.218021	0.093375	0.128818	0.112394	0.044062	0.545524	-0.159077	0.926595	1.480590	-0.088405	283.893637	
208	0.220942	0.093045	0.130951	0.110224	0.056367	0.545188	-0.145697	0.926821	1.480405	-0.076675	348.450483	
209	0.222173	0.090617	0.132743	0.109319	0.068221	0.545792	-0.132086	0.928335	1.483303	-0.062289	395.297884	
210	0.222850	0.091430	0.133524	0.111055	0.079906	0.548975	-0.123287	0.930013	1.480966	-0.050629	433.115149	
211	0.223180	0.091608	0.134313	0.113331	0.095396	0.552756	-0.107584	0.933877	1.477255	-0.042374	479.381616	
212	0.222999	0.089670	0.134833	0.113278	0.108005	0.553342	-0.086588	0.938757	1.489689	-0.023564	511.396597	
213	0.225233	0.089483	0.137525	0.113801	0.117470	0.554045	-0.071410	0.942299	1.497072	-0.007283	553.520310	
214	0.226074	0.089189	0.138426	0.112424	0.125473	0.552802	-0.055480	0.944723	1.497336	0.004913	599.348566	
215	0.226302	0.089113	0.138656	0.112108	0.132412	0.552749	-0.043859	0.946671	1.498163	0.016573	651.311125	
216	0.226744	0.089045	0.139409	0.112787	0.141641	0.553319	-0.030964	0.948766	1.500330	0.030273	704.198949	
217	0.223765	0.081511	0.139420	0.111186	0.147010	0.551486	-0.018640	0.949884	1.501484	0.041037	759.698093	
218	0.224651	0.083480	0.139269	0.111999	0.156220	0.552240	-0.008707	0.950790	1.501956	0.052095	813.795306	
219	0.225277	0.086802	0.138565	0.112941	0.162669	0.552719	-0.000068	0.952277	1.502580	0.064153	860.941355	
220	0.225074	0.081696	0.140040	0.110841	0.162618	0.550533	0.014000	0.955467	1.505541	0.076380	898.795921	
221	0.224974	0.078280	0.140719	0.109332	0.163371	0.548911	0.025788	0.957558	1.508114	0.088671	922.573784	
222	0.225704	0.081542	0.138952	0.107707	0.166149	0.546955	0.035345	0.957804	1.508664	0.100703	933.069242	
223	0.224785	0.077403	0.139259	0.104917	0.168834	0.543736	0.046934	0.957405	1.508084	0.110916	934.274264	
224	0.227258	0.083389	0.139024	0.104955	0.170991	0.543483	0.051776	0.958116	1.509991	0.119619	925.777067	
225	0.228794	0.086781	0.139126	0.105603	0.175203	0.543921	0.058994	0.959361	1.512269	0.130715	914.540245	
226	0.226067	0.078254	0.140629	0.105199	0.178727	0.543437	0.072104	0.961432	1.513939	0.144326	900.998454	
227	0.225339	0.077248	0.140621	0.105877	0.181075	0.543733	0.083231	0.963975	1.516441	0.156181	887.032703	
228	0.223097	0.073282	0.140813	0.107869	0.185895	0.544967	0.089518	0.965663	1.517842	0.167685	860.627868	
229	0.227355	0.080976	0.140985	0.106753	0.187809	0.543467	0.099201	0.965955	1.518497	0.178676	837.885970	
230	0.227801	0.078145	0.141295	0.103244	0.189493	0.539721	0.113389	0.964709	1.520074	0.188872	809.016446	
231	0.225245	0.074338	0.141165	0.104793	0.195881	0.540598	0.127876	0.966939	1.522141	0.198726	779.971883	
232	0.224612	0.074551	0.141798	0.108450	0.207789	0.542808	0.141670	0.969407	1.524236	0.209560	752.903924	
233	0.225116	0.074323	0.142368	0.108335	0.213335	0.541899	0.154958	0.969622	1.524720	0.220171	728.715980	
234	0.227020	0.074727	0.144589	0.108629	0.215422	0.542292	0.168724	0.971407	1.524323	0.230206	708.442236	
235	0.232183	0.079383	0.147861	0.108776	0.220257	0.542110	0.179664	0.971861	1.526788	0.239431	690.855274	
236	0.228758	0.072244	0.148821	0.110794	0.225268	0.543700	0.182792	0.973294	1.530611	0.247094	679.901525	
237	0.224022	0.068800	0.145828	0.111780	0.230386	0.543341	0.194298	0.973578	1.528968	0.258723	674.161298	
238	0.222833	0.069310	0.143613	0.109846	0.231635	0.540424	0.203449	0.971304	1.527575	0.269363	670.387683	
239	0.227334	0.076133	0.144931	0.110030	0.235713	0.539900	0.214876	0.971195	1.528695	0.279057	670.485775	
240	0.226361	0.072183	0.147730	0.113431	0.245959	0.541493	0.225395	0.972821	1.528682	0.292648	674.527593	
241	0.222862	0.075523	0.145504	0.118957	0.254321	0.544138	0.235484	0.975567	1.528108	0.305921	678.904724	
242	0.217833	0.061445	0.146569	0.116710	0.252617	0.542730	0.243154	0.974458	1.526839	0.316865	687.198990	
243	0.217781	0.053958	0.147694	0.113081	0.247931	0.540505	0.250442	0.972293	1.523950	0.325153	697.410389	
244	0.220857	0.062865	0.148354	0.116050	0.254984	0.542052	0.268002	0.973628	1.524022	0.337537	707.307153	
245	0.220973	0.063113	0.149225	0.117723	0.261414	0.542520	0.283409	0.973702	1.524806	0.349980	724.841252	
246	0.221981	0.064801	0.147880	0.114848	0.262553	0.539131	0.285016	0.970367	1.520997	0.359357	743.449368	
247	0.227996	0.073747	0.150084	0.115958	0.267347	0.539595	0.295579	0.970511	1.517796	0.371169	756.583481	
248	0.230787	0.078724	0.151376	0.117592	0.271973	0.540298	0.308144	0.970621	1.517367	0.383918	771.194618	
249	0.229630	0.077338	0.150612	0.117341	0.276986	0.538383	0.316543	0.968401	1.516207	0.394292	784.617727	
250	0.230248	0.076010	0.152071	0.118432	0.283606	0.537759	0.329262	0.967143	1.514655	0.405967	795.039020	
251	0.230570	0.075819	0.154146	0.121575	0.290194	0.539277	0.344215	0.967577	1.513558	0.420832	806.500463	
252	0.230131	0.074212	0.154780	0.121640	0.292845	0.539025	0.359716	0.965357	1.510689	0.436755	818.090043	
253	0.230941	0.077419	0.156032	0.125363	0.299745	0.540755	0.379574	0.964646	1.511153	0.452904	829.383295	
254	0.231427	0.078678	0.157212	0.127777	0.306724	0.541091	0.396012	0.962856	1.510391	0.465027	835.598819	
255	0.231154	0.073116	0.158872	0.126301	0.311421	0.538643	0.407835	0.958776	1.508088	0.476245	844.914098	
256	0.232561	0.072699	0.161110	0.127347	0.319170	0.537750	0.425020	0.955396	1.505383	0.485716	851.185275	
257	0.234259	0.075750	0.163335	0.130571	0.327318	0.538819	0.441379	0.954092	1.503448	0.498205	858.037069	
258	0.232846	0.070448	0.165230	0.130941	0.335882	0.536369	0.451486	0.951274	1.502726	0.512287	864.987501	
259	0.237758	0.080532	0.167034	0.134787	0.344225	0.537524	0.463818	0.951239	1.500337	0.527912	868.204201	
260	0.236125	0.079195	0.167877	0.137079	0.350721	0.537606	0.474609	0.950029	1.498098	0.542382	871.709921	
261	0.235692	0.076236	0.169170	0.136898	0.358414	0.534433	0.487903	0.945203	1.495237	0.556248	877.317186	
262	0.234097	0.067027	0.174192	0.138615	0.370071	0.532753	0.499462	0.943726	1.493000	0.569663	875.277948	
263	0.233336	0.061444	0.178867	0.141445	0.381071	0.532476	0.510689	0.943531	1.492377	0.581253	875.813068	
264	0.233545	0.064015	0.180520	0.144579	0.392220	0.530709	0.522808	0.941609	1.491686	0.594607	874.387084	
265	0.236038	0.072547	0.181361	0.148678	0.403659	0.528940	0.534942	0.939742	1.488828	0.610109	871.664660	
266	0.238034	0.077590	0.187028	0.156373	0.417010	0.532095	0.554967	0.940593	1.487871	0.624441	859.800484	
267	0.239046	0.079627	0.193171	0.162364	0.430731	0.533266	0.572305	0.940489	1.486794	0.638831	844.937694	
268	0.237280	0.077282	0.197745	0.165921	0.442578	0.532000	0.587607	0.938026	1.485672	0.653603	822.788765	
269	0.241474	0.082295	0.204126	0.171525	0.457521	0.531851	0.599910	0.939032	1.486176	0.666628	790.440475	
270	0.240592	0.076559	0.213315	0.174873	0.473655	0.530171	0.605020	0.941293	1.486328	0.680285	742.262738	
271	0.239402	0.074942	0.221887	0.179797	0.489790	0.529537	0.619783	0.941108	1.485759	0.693286	684.208348	
272	0.236576	0.067747	0.234771	0.185411	0.508495	0.530659	0.643171	0.940731	1.486289	0.706899	611.402991	
273	0.244260	0.078695	0.247495	0.192544	0.529275	0.531143	0.661091	0.942195	1.487206	0.722549	528.598518	
274	0.248607	0.087861	0.260924	0.200226	0.550759	0.532117	0.679336	0.944174	1.487727	0.735844	436.122392	
275	0.260941	0.101599	0.275150	0.207501	0.572692	0.532576	0.696343	0.946096	1.489486	0.749971	339.586218	
276	0.277691	0.115920	0.291687	0.214943	0.596511	0.533332	0.711846	0.949209	1.491950	0.765813	250.644500	
277	0.302765	0.131552	0.309338	0.224315	0.623572	0.533370	0.725254	0.952838	1.492443	0.779551	177.345908	
278	0.330993	0.143472	0.327942	0.233331	0.650259	0.533904	0.738722	0.956477	1.494372	0.791745	116.447200	
279	0.353681	0.150071	0.347420	0.240031	0.675946	0.533791	0.752487	0.958772	1.496442	0.804752	74.804700	
280	0.376642	0.154299	0.368231	0.245806	0.702187	0.533177	0.768583	0.959882	1.497528	0.817654	44.957958	
281	0.395099	0.156504	0.390994	0.249318	0.728148	0.533088	0.785489	0.961104	1.499629	0.829747	22.552974	
282	0.414671	0.159804	0.414763	0.253266	0.754318	0.534125	0.797482	0.963802	1.502127	0.840623	10.299852	
283	0.434362	0.165017	0.437728	0.258404	0.780491	0.535442	0.808084	0.966399	1.504649	0.855063	2.649857	
284	0.457326	0.169436	0.461261	0.264217	0.807346	0.537348	0.821153	0.968968	1.507564	0.869423	1.947439	
285	0.482456	0.171597	0.483591	0.268302	0.832132	0.538088	0.832048	0.969926	1.507522	0.880550	2.289250	
286	0.506830	0.175404	0.507333	0.271022	0.855742	0.541069	0.839710	0.972583	1.506669	0.890874	0.798336	
287	0.535513	0.178120	0.532184	0.273550	0.879166	0.545431	0.853511	0.976460	1.514102	0.903889	1.143859	
288	0.564612	0.181724	0.556360	0.277287	0.903716	0.548898	0.865045	0.978859	1.512260	0.913290	2.512975	
289	0.592418	0.187707	0.583534	0.281859	0.930886	0.552907	0.874398	0.980935	1.512117	0.924510	1.616205	
290	0.625265	0.190919	0.611997	0.284589	0.957458	0.557292	0.885095	0.982992	1.514388	0.936294	1.548126	
291	0.658422	0.193350	0.640980	0.286232	0.983566	0.561960	0.895868	0.984793	1.515171	0.947516	1.901461	
292	0.696050	0.193916	0.670661	0.286648	1.009372	0.566363	0.906578	0.985787	1.516658	0.958841	-0.045230	
293	0.724185	0.191647	0.700337	0.282122	1.032222	0.570347	0.917752	0.986718	1.518568	0.970202	1.477667	
294	0.756571	0.187059	0.729873	0.276047	1.053621	0.573944	0.929408	0.987494	1.520771	0.981460	0.228109	
295	0.789261	0.181578	0.759716	0.269023	1.073900	0.577327	0.941863	0.988433	1.522442	0.993563	1.030151	
296	0.820168	0.174187	0.789904	0.260248	1.092625	0.580411	0.954266	0.989434	1.524912	1.005601	0.616021	
297	0.852916	0.165730	0.820448	0.250394	1.110279	0.582858	0.966339	0.989961	1.526415	1.016872	0.962346	
298	0.882942	0.158614	0.850683	0.242335	1.127818	0.585428	0.980252	0.991261	1.528299	1.029769	1.307036	
299	0.910707	0.150794	0.881436	0.234630	1.145750	0.587433	0.995492	0.992287	1.529472	1.042984	0.692609	
300	0.945975	0.145933	0.912330	0.227910	1.164402	0.589314	1.010274	0.992713	1.530874	1.056809	-0.889939	
301	0.989495	0.141878	0.946028	0.220125	1.182636	0.592351	1.018575	0.991813	1.529676	1.065853	1.975690	
302	1.037866	0.141693	0.979153	0.212420	1.199320	0.595088	1.024674	0.990036	1.526607	1.073943	2.779015	
303	NaN	NaN	NaN	NaN	NaN	NaN	NaN	NaN	1.527002	1.087096	-0.305256	
304	NaN	NaN	NaN	NaN	NaN	NaN	NaN	NaN	1.529732	1.102244	0.336492	
305	NaN	NaN	NaN	NaN	NaN	NaN	NaN	NaN	1.525877	1.110165	0.186559	
306	NaN	NaN	NaN	NaN	NaN	NaN	NaN	NaN	1.522566	1.120921	1.453454	
307	NaN	NaN	NaN	NaN	NaN	NaN	NaN	NaN	1.521377	1.133399	2.536993	
308	NaN	NaN	NaN	NaN	NaN	NaN	NaN	NaN	1.520197	1.143841	0.543675	
309	NaN	NaN	NaN	NaN	NaN	NaN	NaN	NaN	1.519341	1.156497	-0.849613	
310	NaN	NaN	NaN	NaN	NaN	NaN	NaN	NaN	1.518956	1.168771	-1.175016	
311	NaN	NaN	NaN	NaN	NaN	NaN	NaN	NaN	1.517595	1.179362	1.190759	
312	NaN	NaN	NaN	NaN	NaN	NaN	NaN	NaN	1.514190	1.188998	-0.141307	
313	NaN	NaN	NaN	NaN	NaN	NaN	NaN	NaN	1.511435	1.201578	-0.156385	
314	NaN	NaN	NaN	NaN	NaN	NaN	NaN	NaN	1.511063	1.215720	-0.811560	
315	NaN	NaN	NaN	NaN	NaN	NaN	NaN	NaN	1.508743	1.225815	1.581068	
316	NaN	NaN	NaN	NaN	NaN	NaN	NaN	NaN	1.505955	1.238100	2.014921	
317	NaN	NaN	NaN	NaN	NaN	NaN	NaN	NaN	1.502622	1.249689	1.985300	
318	NaN	NaN	NaN	NaN	NaN	NaN	NaN	NaN	1.500186	1.261629	0.907862	
319	NaN	NaN	NaN	NaN	NaN	NaN	NaN	NaN	1.497763	1.274676	1.499773	
320	NaN	NaN	NaN	NaN	NaN	NaN	NaN	NaN	1.495053	1.287462	0.347880	
321	NaN	NaN	NaN	NaN	NaN	NaN	NaN	NaN	1.492750	1.299875	-0.373249	
322	NaN	NaN	NaN	NaN	NaN	NaN	NaN	NaN	1.490733	1.314240	-0.445249	
323	NaN	NaN	NaN	NaN	NaN	NaN	NaN	NaN	1.489516	1.329390	-1.415088	
324	NaN	NaN	NaN	NaN	NaN	NaN	NaN	NaN	1.488327	1.344400	1.153881	
325	NaN	NaN	NaN	NaN	NaN	NaN	NaN	NaN	1.485780	1.355315	0.845034	
326	NaN	NaN	NaN	NaN	NaN	NaN	NaN	NaN	1.484393	1.368708	-0.818546	
327	NaN	NaN	NaN	NaN	NaN	NaN	NaN	NaN	1.483543	1.382345	0.170086	
328	NaN	NaN	NaN	NaN	NaN	NaN	NaN	NaN	1.482531	1.395198	0.226345	
329	NaN	NaN	NaN	NaN	NaN	NaN	NaN	NaN	1.481519	1.408515	-0.752820	
330	NaN	NaN	NaN	NaN	NaN	NaN	NaN	NaN	1.481057	1.422231	0.257417	
331	NaN	NaN	NaN	NaN	NaN	NaN	NaN	NaN	1.482271	1.436961	-1.078352	
332	NaN	NaN	NaN	NaN	NaN	NaN	NaN	NaN	1.484960	1.451678	-1.483649	
333	NaN	NaN	NaN	NaN	NaN	NaN	NaN	NaN	1.483323	1.463714	0.928364	
334	NaN	NaN	NaN	NaN	NaN	NaN	NaN	NaN	1.481531	1.477163	-0.756445	
335	NaN	NaN	NaN	NaN	NaN	NaN	NaN	NaN	1.482472	1.488705	1.814166	
336	NaN	NaN	NaN	NaN	NaN	NaN	NaN	NaN	1.486098	1.502371	-1.169039	
337	NaN	NaN	NaN	NaN	NaN	NaN	NaN	NaN	1.490401	1.520185	-0.238406	
338	NaN	NaN	NaN	NaN	NaN	NaN	NaN	NaN	1.487857	1.532125	2.560779	
339	NaN	NaN	NaN	NaN	NaN	NaN	NaN	NaN	1.488378	1.543330	2.043322	
340	NaN	NaN	NaN	NaN	NaN	NaN	NaN	NaN	NaN	NaN	0.377740	
341	NaN	NaN	NaN	NaN	NaN	NaN	NaN	NaN	NaN	NaN	2.905548	
342	NaN	NaN	NaN	NaN	NaN	NaN	NaN	NaN	NaN	NaN	0.136526	
343	NaN	NaN	NaN	NaN	NaN	NaN	NaN	NaN	NaN	NaN	1.328821	
344	NaN	NaN	NaN	NaN	NaN	NaN	NaN	NaN	NaN	NaN	1.293288	
345	NaN	NaN	NaN	NaN	NaN	NaN	NaN	NaN	NaN	NaN	1.601704	
346	NaN	NaN	NaN	NaN	NaN	NaN	NaN	NaN	NaN	NaN	0.182226	
347	NaN	NaN	NaN	NaN	NaN	NaN	NaN	NaN	NaN	NaN	-1.198027	
348	NaN	NaN	NaN	NaN	NaN	NaN	NaN	NaN	NaN	NaN	-0.129475	
349	NaN	NaN	NaN	NaN	NaN	NaN	NaN	NaN	NaN	NaN	0.018455	
350	NaN	NaN	NaN	NaN	NaN	NaN	NaN	NaN	NaN	NaN	-1.124733	
351	NaN	NaN	NaN	NaN	NaN	NaN	NaN	NaN	NaN	NaN	0.709019	
352	NaN	NaN	NaN	NaN	NaN	NaN	NaN	NaN	NaN	NaN	1.334972	
353	NaN	NaN	NaN	NaN	NaN	NaN	NaN	NaN	NaN	NaN	-0.245210	
354	NaN	NaN	NaN	NaN	NaN	NaN	NaN	NaN	NaN	NaN	-0.037577	
355	NaN	NaN	NaN	NaN	NaN	NaN	NaN	NaN	NaN	NaN	-0.156447	
356	NaN	NaN	NaN	NaN	NaN	NaN	NaN	NaN	NaN	NaN	1.338448	
357	NaN	NaN	NaN	NaN	NaN	NaN	NaN	NaN	NaN	NaN	-0.287449	
358	NaN	NaN	NaN	NaN	NaN	NaN	NaN	NaN	NaN	NaN	0.428790	
359	NaN	NaN	NaN	NaN	NaN	NaN	NaN	NaN	NaN	NaN	0.903852	
360	NaN	NaN	NaN	NaN	NaN	NaN	NaN	NaN	NaN	NaN	0.076123	
361	NaN	NaN	NaN	NaN	NaN	NaN	NaN	NaN	NaN	NaN	1.505229	
362	NaN	NaN	NaN	NaN	NaN	NaN	NaN	NaN	NaN	NaN	1.595767	
363	NaN	NaN	NaN	NaN	NaN	NaN	NaN	NaN	NaN	NaN	1.099031	
364	NaN	NaN	NaN	NaN	NaN	NaN	NaN	NaN	NaN	NaN	0.794416	
365	NaN	NaN	NaN	NaN	NaN	NaN	NaN	NaN	NaN	NaN	0.080971	
366	NaN	NaN	NaN	NaN	NaN	NaN	NaN	NaN	NaN	NaN	-0.193470	
367	NaN	NaN	NaN	NaN	NaN	NaN	NaN	NaN	NaN	NaN	1.869371	
368	NaN	NaN	NaN	NaN	NaN	NaN	NaN	NaN	NaN	NaN	2.627550	
369	NaN	NaN	NaN	NaN	NaN	NaN	NaN	NaN	NaN	NaN	-0.436794	
370	NaN	NaN	NaN	NaN	NaN	NaN	NaN	NaN	NaN	NaN	-0.952958	
371	NaN	NaN	NaN	NaN	NaN	NaN	NaN	NaN	NaN	NaN	-2.035875	
372	NaN	NaN	NaN	NaN	NaN	NaN	NaN	NaN	NaN	NaN	-0.201516	
373	NaN	NaN	NaN	NaN	NaN	NaN	NaN	NaN	NaN	NaN	-0.488601	
374	NaN	NaN	NaN	NaN	NaN	NaN	NaN	NaN	NaN	NaN	1.502633	
375	NaN	NaN	NaN	NaN	NaN	NaN	NaN	NaN	NaN	NaN	0.276417	
376	NaN	NaN	NaN	NaN	NaN	NaN	NaN	NaN	NaN	NaN	0.036866	
377	NaN	NaN	NaN	NaN	NaN	NaN	NaN	NaN	NaN	NaN	-0.475108	
378	NaN	NaN	NaN	NaN	NaN	NaN	NaN	NaN	NaN	NaN	1.971948	
379	NaN	NaN	NaN	NaN	NaN	NaN	NaN	NaN	NaN	NaN	2.108466	
380	NaN	NaN	NaN	NaN	NaN	NaN	NaN	NaN	NaN	NaN	0.515526	
381	NaN	NaN	NaN	NaN	NaN	NaN	NaN	NaN	NaN	NaN	1.161695	
382	NaN	NaN	NaN	NaN	NaN	NaN	NaN	NaN	NaN	NaN	1.374904	
383	NaN	NaN	NaN	NaN	NaN	NaN	NaN	NaN	NaN	NaN	0.664545	
384	NaN	NaN	NaN	NaN	NaN	NaN	NaN	NaN	NaN	NaN	1.486125	
385	NaN	NaN	NaN	NaN	NaN	NaN	NaN	NaN	NaN	NaN	0.546171	
386	NaN	NaN	NaN	NaN	NaN	NaN	NaN	NaN	NaN	NaN	-0.302172	
387	NaN	NaN	NaN	NaN	NaN	NaN	NaN	NaN	NaN	NaN	0.912967	
388	NaN	NaN	NaN	NaN	NaN	NaN	NaN	NaN	NaN	NaN	2.618340	
389	NaN	NaN	NaN	NaN	NaN	NaN	NaN	NaN	NaN	NaN	1.818746	
390	NaN	NaN	NaN	NaN	NaN	NaN	NaN	NaN	NaN	NaN	0.466082	
391	NaN	NaN	NaN	NaN	NaN	NaN	NaN	NaN	NaN	NaN	-0.877154	
392	NaN	NaN	NaN	NaN	NaN	NaN	NaN	NaN	NaN	NaN	-0.989625	
393	NaN	NaN	NaN	NaN	NaN	NaN	NaN	NaN	NaN	NaN	-0.250122	
394	NaN	NaN	NaN	NaN	NaN	NaN	NaN	NaN	NaN	NaN	1.098511	
395	NaN	NaN	NaN	NaN	NaN	NaN	NaN	NaN	NaN	NaN	1.552841	
396	NaN	NaN	NaN	NaN	NaN	NaN	NaN	NaN	NaN	NaN	0.430834	
397	NaN	NaN	NaN	NaN	NaN	NaN	NaN	NaN	NaN	NaN	0.656367	
398	NaN	NaN	NaN	NaN	NaN	NaN	NaN	NaN	NaN	NaN	-0.590505	
399	NaN	NaN	NaN	NaN	NaN	NaN	NaN	NaN	NaN	NaN	0.397597	
400	NaN	NaN	NaN	NaN	NaN	NaN	NaN	NaN	NaN	NaN	NaN	
