Testing	// User ID
7-2-2025	// Evaluation date
KR_Walk_BW3	6-2-2025	13:42:06:997	// Source file name and timestamp
100.000	// Sampling rate
4.000	// Data capture period



Sample #	Right_Foot_COM_X	Right_Foot_COM_Y	RightAnklePosX	RightAnklePosY	RightKnee.Pos.X	RightKneePosY	RightHip_PosX	RightHipPosY	ThoraxCOMPosY	ThoraxCOMPosX	GRF_MoundY	
0	NaN	NaN	NaN	NaN	NaN	NaN	NaN	NaN	NaN	NaN	0.336606	
1	NaN	NaN	NaN	NaN	NaN	NaN	NaN	NaN	NaN	NaN	-0.557546	
2	NaN	NaN	NaN	NaN	NaN	NaN	NaN	NaN	NaN	NaN	-0.969288	
3	NaN	NaN	NaN	NaN	NaN	NaN	NaN	NaN	NaN	NaN	-1.105850	
4	NaN	NaN	NaN	NaN	NaN	NaN	NaN	NaN	NaN	NaN	-0.059820	
5	NaN	NaN	NaN	NaN	NaN	NaN	NaN	NaN	NaN	NaN	-2.205667	
6	NaN	NaN	NaN	NaN	NaN	NaN	NaN	NaN	NaN	NaN	-0.126822	
7	NaN	NaN	NaN	NaN	NaN	NaN	NaN	NaN	NaN	NaN	-1.091371	
8	NaN	NaN	NaN	NaN	NaN	NaN	NaN	NaN	NaN	NaN	-1.029387	
9	NaN	NaN	NaN	NaN	NaN	NaN	NaN	NaN	NaN	NaN	-0.949818	
10	NaN	NaN	NaN	NaN	NaN	NaN	NaN	NaN	NaN	NaN	-1.201985	
11	NaN	NaN	NaN	NaN	NaN	NaN	NaN	NaN	NaN	NaN	0.317666	
12	NaN	NaN	NaN	NaN	NaN	NaN	NaN	NaN	NaN	NaN	-1.006591	
13	NaN	NaN	NaN	NaN	NaN	NaN	NaN	NaN	NaN	NaN	-0.890720	
14	NaN	NaN	NaN	NaN	NaN	NaN	NaN	NaN	NaN	NaN	0.934808	
15	NaN	NaN	NaN	NaN	NaN	NaN	NaN	NaN	NaN	NaN	-0.469965	
16	NaN	NaN	NaN	NaN	NaN	NaN	NaN	NaN	NaN	NaN	-0.116183	
17	NaN	NaN	NaN	NaN	NaN	NaN	NaN	NaN	NaN	NaN	-0.804474	
18	NaN	NaN	NaN	NaN	NaN	NaN	NaN	NaN	NaN	NaN	-1.755008	
19	NaN	NaN	NaN	NaN	NaN	NaN	NaN	NaN	NaN	NaN	1.669488	
20	NaN	NaN	NaN	NaN	NaN	NaN	NaN	NaN	NaN	NaN	-0.411346	
21	NaN	NaN	NaN	NaN	NaN	NaN	NaN	NaN	NaN	NaN	-0.085742	
22	NaN	NaN	NaN	NaN	NaN	NaN	NaN	NaN	NaN	NaN	-1.212192	
23	NaN	NaN	NaN	NaN	NaN	NaN	NaN	NaN	NaN	NaN	-0.124620	
24	NaN	NaN	NaN	NaN	NaN	NaN	NaN	NaN	NaN	NaN	-0.476275	
25	NaN	NaN	NaN	NaN	NaN	NaN	NaN	NaN	NaN	NaN	-0.152101	
26	NaN	NaN	NaN	NaN	NaN	NaN	NaN	NaN	NaN	NaN	-0.777574	
27	NaN	NaN	NaN	NaN	NaN	NaN	NaN	NaN	NaN	NaN	-1.080315	
28	NaN	NaN	NaN	NaN	NaN	NaN	NaN	NaN	NaN	NaN	-2.429141	
29	NaN	NaN	NaN	NaN	NaN	NaN	NaN	NaN	NaN	NaN	-0.689884	
30	NaN	NaN	NaN	NaN	NaN	NaN	NaN	NaN	NaN	NaN	-0.492517	
31	NaN	NaN	NaN	NaN	NaN	NaN	NaN	NaN	NaN	NaN	2.057470	
32	NaN	NaN	NaN	NaN	NaN	NaN	NaN	NaN	NaN	NaN	-2.122833	
33	NaN	NaN	NaN	NaN	NaN	NaN	NaN	NaN	NaN	NaN	0.610774	
34	NaN	NaN	NaN	NaN	NaN	NaN	NaN	NaN	NaN	NaN	-1.170491	
35	NaN	NaN	NaN	NaN	NaN	NaN	NaN	NaN	NaN	NaN	-1.443757	
36	NaN	NaN	NaN	NaN	NaN	NaN	NaN	NaN	NaN	NaN	0.696982	
37	NaN	NaN	NaN	NaN	NaN	NaN	NaN	NaN	NaN	NaN	-0.454121	
38	NaN	NaN	NaN	NaN	NaN	NaN	NaN	NaN	NaN	NaN	-0.649553	
39	NaN	NaN	NaN	NaN	NaN	NaN	NaN	NaN	NaN	NaN	0.620869	
40	NaN	NaN	NaN	NaN	NaN	NaN	NaN	NaN	NaN	NaN	0.026131	
41	NaN	NaN	NaN	NaN	NaN	NaN	NaN	NaN	NaN	NaN	-0.625461	
42	NaN	NaN	NaN	NaN	NaN	NaN	NaN	NaN	NaN	NaN	-1.797055	
43	NaN	NaN	NaN	NaN	NaN	NaN	NaN	NaN	NaN	NaN	-0.514605	
44	NaN	NaN	NaN	NaN	NaN	NaN	NaN	NaN	NaN	NaN	-1.507917	
45	NaN	NaN	NaN	NaN	NaN	NaN	NaN	NaN	NaN	NaN	1.325789	
46	NaN	NaN	NaN	NaN	NaN	NaN	NaN	NaN	NaN	NaN	0.630009	
47	NaN	NaN	NaN	NaN	NaN	NaN	NaN	NaN	NaN	NaN	0.152928	
48	NaN	NaN	NaN	NaN	NaN	NaN	NaN	NaN	NaN	NaN	-0.874970	
49	NaN	NaN	NaN	NaN	NaN	NaN	NaN	NaN	NaN	NaN	-0.355553	
50	NaN	NaN	NaN	NaN	NaN	NaN	NaN	NaN	NaN	NaN	-0.374192	
51	NaN	NaN	NaN	NaN	NaN	NaN	NaN	NaN	NaN	NaN	-1.228108	
52	NaN	NaN	NaN	NaN	NaN	NaN	NaN	NaN	NaN	NaN	0.204758	
53	NaN	NaN	NaN	NaN	NaN	NaN	NaN	NaN	NaN	NaN	-0.993726	
54	NaN	NaN	NaN	NaN	NaN	NaN	NaN	NaN	NaN	NaN	-0.297609	
55	NaN	NaN	NaN	NaN	NaN	NaN	NaN	NaN	NaN	NaN	-2.762685	
56	NaN	NaN	NaN	NaN	NaN	NaN	NaN	NaN	NaN	NaN	-0.655978	
57	NaN	NaN	NaN	NaN	NaN	NaN	NaN	NaN	NaN	NaN	-2.307100	
58	NaN	NaN	NaN	NaN	NaN	NaN	NaN	NaN	NaN	NaN	0.660193	
59	NaN	NaN	NaN	NaN	NaN	NaN	NaN	NaN	NaN	NaN	-0.659565	
60	NaN	NaN	NaN	NaN	NaN	NaN	NaN	NaN	NaN	NaN	-2.413636	
61	NaN	NaN	NaN	NaN	NaN	NaN	NaN	NaN	NaN	NaN	-0.961489	
62	NaN	NaN	NaN	NaN	NaN	NaN	NaN	NaN	NaN	NaN	-0.017317	
63	NaN	NaN	NaN	NaN	NaN	NaN	NaN	NaN	NaN	NaN	-0.013123	
64	NaN	NaN	NaN	NaN	NaN	NaN	NaN	NaN	NaN	NaN	-0.793089	
65	NaN	NaN	NaN	NaN	NaN	NaN	NaN	NaN	NaN	NaN	-2.533496	
66	NaN	NaN	NaN	NaN	NaN	NaN	NaN	NaN	NaN	NaN	-1.641341	
67	NaN	NaN	NaN	NaN	NaN	NaN	NaN	NaN	NaN	NaN	-0.210030	
68	NaN	NaN	NaN	NaN	NaN	NaN	NaN	NaN	NaN	NaN	-0.744878	
69	NaN	NaN	NaN	NaN	NaN	NaN	NaN	NaN	NaN	NaN	-2.692637	
70	NaN	NaN	NaN	NaN	NaN	NaN	NaN	NaN	NaN	NaN	0.904173	
71	NaN	NaN	NaN	NaN	NaN	NaN	NaN	NaN	NaN	NaN	0.353306	
72	NaN	NaN	NaN	NaN	NaN	NaN	NaN	NaN	NaN	NaN	-0.017231	
73	NaN	NaN	NaN	NaN	NaN	NaN	NaN	NaN	NaN	NaN	-1.063016	
74	NaN	NaN	NaN	NaN	NaN	NaN	NaN	NaN	NaN	NaN	0.108166	
75	NaN	NaN	NaN	NaN	NaN	NaN	NaN	NaN	NaN	NaN	-1.166174	
76	NaN	NaN	NaN	NaN	NaN	NaN	NaN	NaN	NaN	NaN	-1.311250	
77	NaN	NaN	NaN	NaN	NaN	NaN	NaN	NaN	NaN	NaN	-3.213745	
78	NaN	NaN	NaN	NaN	NaN	NaN	NaN	NaN	NaN	NaN	-1.535388	
79	NaN	NaN	NaN	NaN	NaN	NaN	NaN	NaN	NaN	NaN	0.786729	
80	NaN	NaN	NaN	NaN	NaN	NaN	NaN	NaN	NaN	NaN	-0.277683	
81	NaN	NaN	NaN	NaN	NaN	NaN	NaN	NaN	NaN	NaN	1.096958	
82	NaN	NaN	NaN	NaN	NaN	NaN	NaN	NaN	NaN	NaN	-0.466301	
83	NaN	NaN	NaN	NaN	NaN	NaN	NaN	NaN	NaN	NaN	-0.688997	
84	NaN	NaN	NaN	NaN	NaN	NaN	NaN	NaN	NaN	NaN	0.086132	
85	NaN	NaN	NaN	NaN	NaN	NaN	NaN	NaN	NaN	NaN	0.252076	
86	NaN	NaN	NaN	NaN	NaN	NaN	NaN	NaN	1.511434	-1.537925	-0.764820	
87	NaN	NaN	NaN	NaN	NaN	NaN	NaN	NaN	1.515349	-1.524292	-1.751197	
88	NaN	NaN	NaN	NaN	NaN	NaN	NaN	NaN	1.515964	-1.523124	-1.203091	
89	-1.470048	0.084874	-1.560579	0.103558	-1.524598	0.556647	-1.600176	0.969361	1.517538	-1.519310	0.723131	
90	-1.473461	0.081849	-1.562536	0.103476	-1.522939	0.556268	-1.587989	0.970668	1.517783	-1.515386	-0.066150	
91	-1.477023	0.084784	-1.568035	0.102121	-1.517757	0.554240	-1.571861	0.970355	1.517002	-1.510280	-0.743918	
92	-1.479883	0.088650	-1.570300	0.107025	-1.507969	0.557693	-1.547640	0.975188	1.519773	-1.495718	-0.288193	
93	-1.476542	0.084446	-1.566117	0.104223	-1.507747	0.555106	-1.551362	0.972239	1.517701	-1.495787	-0.532786	
94	-1.477183	0.071880	-1.563624	0.098458	-1.507640	0.549757	-1.557118	0.966442	1.504061	-1.515100	-1.190564	
95	-1.478807	0.073499	-1.567163	0.097675	-1.505119	0.547892	-1.540075	0.966283	1.501771	-1.509434	0.278935	
96	-1.481773	0.077347	-1.571534	0.096221	-1.499291	0.544558	-1.514824	0.964075	1.506281	-1.487060	-0.014761	
97	-1.482710	0.067063	-1.568371	0.093113	-1.497267	0.541765	-1.511747	0.961271	1.507496	-1.472158	-2.729373	
98	-1.480967	0.071239	-1.567502	0.096156	-1.493784	0.544437	-1.494651	0.964132	1.512764	-1.450915	0.496157	
99	-1.474978	0.082185	-1.565628	0.099189	-1.494409	0.547908	-1.497260	0.967528	1.516691	-1.448128	-0.398390	
100	-1.473108	0.074870	-1.560494	0.098545	-1.491754	0.547335	-1.492532	0.967079	1.512509	-1.449947	-0.999105	
101	-1.477302	0.067064	-1.559424	0.101993	-1.480770	0.548469	-1.474340	0.968152	1.512876	-1.436044	1.543260	
102	-1.480200	0.071648	-1.564985	0.102412	-1.477485	0.548247	-1.472546	0.967843	1.511275	-1.432059	-0.086022	
103	-1.483193	0.078228	-1.569689	0.106890	-1.473968	0.551274	-1.461771	0.970476	1.516108	-1.409208	-0.237615	
104	-1.483439	0.079348	-1.568136	0.110647	-1.460105	0.550698	-1.447404	0.970142	1.518804	-1.392001	-1.294099	
105	-1.484057	0.073380	-1.566300	0.108497	-1.451536	0.546403	-1.444431	0.966157	1.517544	-1.383227	0.529677	
106	-1.477433	0.070721	-1.561585	0.102109	-1.452619	0.542266	-1.434091	0.961610	1.515672	-1.375298	0.333284	
107	-1.477709	0.063629	-1.557516	0.103853	-1.445197	0.542933	-1.399494	0.960205	1.514105	-1.362484	-0.329527	
108	-1.493309	0.039300	-1.560815	0.104767	-1.439906	0.541743	-1.397981	0.959368	1.511094	-1.354309	-1.473614	
109	-1.505733	0.005829	-1.560715	0.103960	-1.442618	0.542239	-1.408290	0.960300	1.509156	-1.346321	-1.780727	
110	-1.518260	-0.006747	-1.560910	0.112995	-1.428948	0.546730	-1.383349	0.963962	1.508199	-1.331544	0.418051	
111	-1.528881	-0.012219	-1.563721	0.119565	-1.417822	0.547886	-1.368466	0.964852	1.508104	-1.327723	-0.882795	
112	-1.514770	-0.014312	-1.559352	0.108916	-1.429279	0.543443	-1.389852	0.961282	1.495331	-1.347063	0.468346	
113	-1.498671	0.019750	-1.558683	0.103168	-1.430423	0.538440	-1.393548	0.956619	1.487492	-1.349980	-0.629939	
114	-1.478121	0.069123	-1.560324	0.105260	-1.422921	0.537401	-1.377254	0.954596	1.487750	-1.338023	1.027869	
115	-1.481932	0.059277	-1.557172	0.107883	-1.415802	0.538777	-1.359786	0.954439	1.486672	-1.326073	-1.090214	
116	-1.477830	0.059702	-1.554782	0.105314	-1.410233	0.535464	-1.355165	0.951477	1.482675	-1.317367	0.276878	
117	-1.475569	0.065120	-1.556188	0.103792	-1.404285	0.531234	-1.346249	0.946795	1.481048	-1.305866	0.260592	
118	-1.481054	0.059702	-1.555408	0.109686	-1.394143	0.532963	-1.328999	0.947439	1.481921	-1.293385	-1.013488	
119	-1.474308	0.065660	-1.551731	0.109886	-1.385351	0.531424	-1.319702	0.945810	1.478072	-1.286570	-0.826779	
120	-1.474410	0.063675	-1.551473	0.108186	-1.382030	0.528932	-1.310960	0.942029	1.474151	-1.277046	-0.432735	
121	-1.470246	0.065801	-1.549533	0.105773	-1.377705	0.525772	-1.305646	0.938888	1.472209	-1.264609	-0.273449	
122	-1.463862	0.069994	-1.545229	0.107093	-1.367971	0.525275	-1.296542	0.938515	1.471094	-1.250452	-0.646373	
123	-1.462638	0.065707	-1.541356	0.107382	-1.360948	0.523919	-1.285981	0.936509	1.467122	-1.241719	-1.220764	
124	-1.466348	0.064365	-1.543561	0.108454	-1.360518	0.524225	-1.272902	0.934223	1.467656	-1.225690	1.089287	
125	-1.473238	0.054979	-1.541580	0.115084	-1.351847	0.527344	-1.255453	0.935081	1.479884	-1.185822	-1.189281	
126	-1.462339	0.073430	-1.537445	0.120718	-1.345268	0.529571	-1.246504	0.936935	1.484893	-1.161301	-1.455212	
127	-1.461525	0.071646	-1.535842	0.120201	-1.334662	0.525313	-1.243427	0.934361	1.480775	-1.153737	0.714552	
128	-1.473710	0.056383	-1.537257	0.122606	-1.324932	0.523355	-1.227483	0.930736	1.476714	-1.146219	-0.751763	
129	-1.472526	0.052077	-1.533697	0.121998	-1.316518	0.520295	-1.214542	0.926240	1.476001	-1.129906	-0.151148	
130	-1.472997	0.060797	-1.536833	0.126310	-1.311050	0.520112	-1.200939	0.924373	1.471354	-1.125189	-0.157334	
131	-1.477609	0.063746	-1.537035	0.134706	-1.296766	0.520324	-1.185952	0.924661	1.467897	-1.133677	-0.880017	
132	-1.478414	0.057100	-1.530648	0.137099	-1.282841	0.518301	-1.173341	0.922762	1.468182	-1.120976	-0.049958	
133	-1.479451	0.043076	-1.526072	0.132289	-1.282716	0.516250	-1.159870	0.916804	1.468997	-1.089882	-1.424029	
134	-1.476634	0.049709	-1.521485	0.138446	-1.270894	0.517130	-1.146998	0.917859	1.470248	-1.070177	1.346848	
135	-1.475444	0.056342	-1.516101	0.147342	-1.254793	0.519052	-1.136339	0.921468	1.471100	-1.059804	-0.015478	
136	-1.470519	0.060829	-1.510470	0.151004	-1.246049	0.520992	-1.124265	0.922160	1.471503	-1.049828	0.391567	
137	-1.473107	0.054693	-1.507777	0.150108	-1.241764	0.519773	-1.110698	0.917807	1.470421	-1.040591	1.097355	
138	-1.481890	0.044080	-1.502477	0.152133	-1.229855	0.517096	-1.101178	0.916385	1.463073	-1.055511	-0.740477	
139	-1.480044	0.046288	-1.491232	0.160527	-1.209092	0.517541	-1.090225	0.920146	1.460728	-1.064772	-0.190732	
140	-1.468537	0.059758	-1.483586	0.164859	-1.192626	0.514598	-1.080983	0.919329	1.481412	-1.084268	1.155668	
141	-1.463330	0.063054	-1.473290	0.167394	-1.176495	0.511938	-1.082307	0.921082	1.456728	-1.065894	0.601245	
142	-1.464442	0.055363	-1.458609	0.171648	-1.157274	0.512213	-1.072898	0.923694	1.457515	-1.058195	-0.522594	
143	-1.473174	0.048170	-1.444089	0.178373	-1.137534	0.514200	-1.054344	0.925963	1.459118	-1.044273	0.006617	
144	-1.470940	0.059546	-1.428298	0.184916	-1.116021	0.515459	-1.047398	0.929888	1.459215	-1.034422	-2.508540	
145	-1.446309	0.080245	-1.410472	0.192694	-1.093038	0.518666	-1.044357	0.935880	1.462720	-1.019305	-0.578847	
146	-1.439382	0.088619	-1.393815	0.199623	-1.074228	0.523387	-1.026796	0.940768	1.469301	-0.987468	-0.806288	
147	-1.422199	0.105312	-1.377566	0.208850	-1.054351	0.528882	-1.006515	0.946232	1.477575	-0.954589	0.376335	
148	-1.409587	0.114718	-1.359407	0.215927	-1.033825	0.533524	-0.988271	0.951104	1.483068	-0.919068	-0.506012	
149	-1.389464	0.124064	-1.339377	0.218764	-1.013525	0.535627	-0.976892	0.954110	1.486727	-0.895678	0.489453	
150	-1.335312	0.138163	-1.318215	0.226886	-0.989091	0.539985	-0.964630	0.959355	1.493247	-0.882419	0.704813	
151	-1.290143	0.143637	-1.297635	0.235861	-0.963565	0.542764	-0.948138	0.962557	1.495541	-0.867568	0.265482	
152	-1.277707	0.151424	-1.274649	0.241025	-0.938630	0.544601	-0.936073	0.964661	1.499010	-0.854898	-0.005649	
153	-1.273189	0.153700	-1.251534	0.241054	-0.913857	0.544153	-0.917430	0.964207	1.498812	-0.849519	-0.157209	
154	-1.254510	0.154829	-1.228077	0.242240	-0.890112	0.545301	-0.903958	0.965108	1.498048	-0.838847	0.580480	
155	-1.245945	0.151209	-1.202377	0.240684	-0.867471	0.546317	-0.893806	0.965451	1.502157	-0.826572	-0.278629	
156	-1.235565	0.148984	-1.178846	0.241952	-0.845804	0.548494	-0.880213	0.967003	1.505073	-0.815524	1.090860	
157	-1.197590	0.153853	-1.151174	0.247163	-0.815800	0.551092	-0.862460	0.968298	1.505777	-0.805328	-0.165782	
158	-1.130785	0.164282	-1.120966	0.253121	-0.781874	0.553697	-0.834971	0.970176	1.507408	-0.788314	0.574897	
159	-1.090026	0.162598	-1.090381	0.250044	-0.754759	0.554605	-0.831938	0.967345	1.508468	-0.777530	0.537630	
160	-1.061432	0.161477	-1.064746	0.248794	-0.733508	0.557912	-0.826600	0.967300	1.508067	-0.771103	1.186906	
161	-1.023388	0.161063	-1.034943	0.246690	-0.712695	0.564977	-0.822614	0.970199	1.508960	-0.770315	-1.221619	
162	-0.989606	0.162018	-1.005882	0.246893	-0.688344	0.570684	-0.810210	0.972537	1.509921	-0.756616	-0.501470	
163	-0.961370	0.156253	-0.978058	0.241613	-0.669153	0.574564	-0.805946	0.971450	1.507208	-0.745522	-2.037695	
164	-0.944431	0.140899	-0.949679	0.232235	-0.652479	0.575937	-0.798245	0.969495	1.509229	-0.737100	-0.151154	
165	-0.918590	0.130060	-0.920665	0.225366	-0.632897	0.576407	-0.779181	0.969518	1.510760	-0.720582	0.109782	
166	-0.870764	0.135192	-0.893142	0.221185	-0.613432	0.578754	-0.765736	0.969618	1.510890	-0.707725	0.012512	
167	-0.834823	0.126215	-0.863158	0.210863	-0.597297	0.579991	-0.755071	0.968935	1.510127	-0.698149	1.209400	
168	-0.804032	0.112305	-0.832475	0.199377	-0.582213	0.579882	-0.745744	0.966491	1.507714	-0.690280	0.613686	
169	-0.759613	0.114877	-0.801933	0.192808	-0.568719	0.584249	-0.746645	0.964533	1.505606	-0.685935	0.135854	
170	-0.716920	0.115763	-0.769665	0.186320	-0.552579	0.587355	-0.738343	0.963995	1.506064	-0.676005	1.397101	
171	-0.685957	0.106556	-0.736728	0.179002	-0.531836	0.586245	-0.721770	0.960661	1.506587	-0.660716	-1.184217	
172	-0.646593	0.110467	-0.705388	0.174275	-0.514876	0.587568	-0.712945	0.957617	1.503812	-0.655177	-1.091141	
173	-0.607669	0.114856	-0.673560	0.171152	-0.497121	0.590446	-0.695796	0.960280	1.503925	-0.641221	-0.167423	
174	-0.566985	0.116999	-0.638566	0.167152	-0.477018	0.593022	-0.679882	0.960518	1.502186	-0.625543	-1.500095	
175	-0.526913	0.113788	-0.602588	0.158834	-0.463477	0.593123	-0.680423	0.952445	1.495545	-0.620428	-0.191787	
176	-0.496378	0.102387	-0.567387	0.153629	-0.452432	0.595177	-0.681633	0.946575	1.493673	-0.619586	0.953307	
177	-0.460223	0.104400	-0.533431	0.151369	-0.437278	0.597292	-0.671524	0.945294	1.492672	-0.613935	0.920265	
178	-0.417887	0.106334	-0.496016	0.145854	-0.419736	0.595414	-0.654458	0.943461	1.491781	-0.596854	-0.103477	
179	-0.381608	0.100978	-0.460421	0.137865	-0.407927	0.591089	-0.639483	0.941362	1.489138	-0.577695	1.132461	
180	-0.342832	0.106078	-0.425515	0.134000	-0.398036	0.589517	-0.634639	0.936365	1.486327	-0.573644	2.713288	
181	-0.306059	0.109350	-0.390507	0.133064	-0.385293	0.589297	-0.624730	0.934312	1.487535	-0.566047	2.131212	
182	-0.269406	0.112266	-0.355376	0.132313	-0.375602	0.588198	-0.613829	0.934088	1.484791	-0.566228	-0.733086	
183	-0.230993	0.119084	-0.320039	0.131755	-0.375338	0.584842	-0.608783	0.934014	1.482651	-0.550494	1.525552	
184	-0.193333	0.127273	-0.285186	0.132565	-0.363021	0.582384	-0.601126	0.928375	1.484165	-0.530167	-0.514627	
185	-0.163448	0.126980	-0.254041	0.131502	-0.338328	0.580207	-0.583037	0.921359	1.478116	-0.516358	-0.511230	
186	-0.131642	0.135583	-0.223789	0.129901	-0.316878	0.576862	-0.558108	0.920545	1.476239	-0.498106	1.288679	
187	-0.102805	0.133756	-0.192077	0.132369	-0.305379	0.574546	-0.548585	0.916938	1.477970	-0.485770	-0.376880	
188	-0.072404	0.145937	-0.162900	0.135019	-0.295893	0.571765	-0.538175	0.914940	1.474466	-0.480674	0.186576	
189	-0.044627	0.148959	-0.134271	0.139106	-0.283215	0.570677	-0.524405	0.914614	1.471799	-0.477465	0.522516	
190	-0.015971	0.153483	-0.104410	0.142388	-0.271004	0.567429	-0.507248	0.914762	1.469872	-0.470333	-1.797963	
191	0.013254	0.150913	-0.074216	0.143296	-0.248623	0.565118	-0.482555	0.913960	1.470039	-0.456937	-0.871401	
192	0.036158	0.161348	-0.052032	0.145378	-0.239595	0.561623	-0.479830	0.906206	1.464945	-0.454687	-0.271455	
193	0.058821	0.170300	-0.029914	0.151063	-0.229975	0.561389	-0.479928	0.898796	1.459900	-0.437286	0.912908	
194	0.081853	0.173587	-0.006410	0.154317	-0.210503	0.562713	-0.460175	0.900013	1.461390	-0.394095	1.115711	
195	0.100349	0.172555	0.012298	0.155320	-0.195087	0.562056	-0.442768	0.900934	1.461788	-0.374523	1.808916	
196	0.111063	0.173275	0.023604	0.153486	-0.186250	0.558937	-0.438261	0.894840	1.459619	-0.368255	-0.253165	
197	0.123170	0.171676	0.035479	0.150359	-0.175352	0.555315	-0.429839	0.889105	1.451853	-0.359585	-0.537750	
198	0.135917	0.160623	0.047038	0.147957	-0.158687	0.555504	-0.412091	0.889910	1.450232	-0.342526	-0.476197	
199	0.142275	0.149698	0.053240	0.143258	-0.142725	0.555586	-0.397853	0.888613	1.451097	-0.323559	-0.724430	
200	0.145693	0.143531	0.057168	0.136482	-0.127107	0.554184	-0.381582	0.887796	1.450146	-0.305378	8.102042	
201	0.150491	0.143479	0.061878	0.130841	-0.111007	0.553268	-0.358638	0.892497	1.452688	-0.287366	76.552300	
202	0.158122	0.142783	0.068129	0.125281	-0.097333	0.550494	-0.344408	0.890233	1.454180	-0.275625	197.698947	
203	0.167692	0.137127	0.076116	0.123775	-0.080458	0.552197	-0.332864	0.887927	1.451739	-0.260846	278.337062	
204	0.175852	0.127422	0.083910	0.121866	-0.068512	0.551787	-0.317166	0.890276	1.451134	-0.242161	306.804933	
205	0.186259	0.125355	0.091792	0.117278	-0.056093	0.548742	-0.295573	0.893878	1.452371	-0.225373	367.679741	
206	0.193923	0.121925	0.098251	0.114324	-0.040945	0.548524	-0.277491	0.895659	1.452122	-0.210522	440.071287	
207	0.196679	0.115960	0.101732	0.113758	-0.026435	0.551323	-0.265095	0.896962	1.452634	-0.195727	560.112207	
208	0.199228	0.109749	0.105616	0.112995	-0.008988	0.554373	-0.252491	0.896604	1.452612	-0.179964	642.532841	
209	0.202775	0.102925	0.110578	0.111382	0.006215	0.555388	-0.236298	0.898280	1.454764	-0.163256	674.316751	
210	0.203995	0.094790	0.114072	0.109746	0.021338	0.556308	-0.218033	0.901233	1.456572	-0.149100	685.280816	
211	0.205096	0.091730	0.115504	0.107588	0.035748	0.556606	-0.201212	0.903120	1.457940	-0.134677	711.321818	
212	0.207538	0.094257	0.116780	0.108092	0.047630	0.558841	-0.186178	0.907410	1.461679	-0.119091	741.662706	
213	0.210932	0.096470	0.118769	0.108301	0.061158	0.560524	-0.172217	0.909342	1.464611	-0.105165	779.489954	
214	0.211887	0.093546	0.120601	0.107192	0.075119	0.560697	-0.153173	0.912703	1.465503	-0.090328	841.880888	
215	0.211780	0.091405	0.121142	0.106590	0.085342	0.560860	-0.135303	0.917486	1.468382	-0.076121	897.841635	
216	0.212189	0.090755	0.121590	0.106165	0.094597	0.560729	-0.121370	0.920194	1.471537	-0.063032	934.210947	
217	0.210142	0.086320	0.122370	0.107167	0.104387	0.562153	-0.111971	0.921347	1.474706	-0.048501	962.549672	
218	0.209688	0.087766	0.122230	0.109025	0.114195	0.564350	-0.101959	0.923313	1.477032	-0.037177	972.764027	
219	0.209788	0.088661	0.121852	0.109576	0.119598	0.564940	-0.093218	0.925321	1.477534	-0.029740	970.295610	
220	0.207129	0.083111	0.120722	0.107855	0.124109	0.563119	-0.082056	0.927841	1.481528	-0.010675	962.243986	
221	0.208315	0.085108	0.120611	0.107193	0.131741	0.562345	-0.067644	0.930836	1.485511	0.006905	954.372965	
222	0.209967	0.086971	0.121326	0.106210	0.139045	0.560939	-0.050600	0.934402	1.487267	0.019320	934.697986	
223	0.210542	0.085757	0.122048	0.104946	0.144108	0.559402	-0.037178	0.936868	1.489398	0.030058	915.091326	
224	0.209197	0.081213	0.121849	0.103934	0.149260	0.558015	-0.029039	0.937130	1.492127	0.041857	889.592214	
225	0.207460	0.076409	0.121768	0.101936	0.149816	0.555670	-0.015236	0.940953	1.495391	0.055526	862.919043	
226	0.207817	0.076318	0.121783	0.100290	0.142292	0.554294	-0.005858	0.946525	1.499098	0.066993	832.016483	
227	0.209085	0.078678	0.122364	0.100804	0.142634	0.554691	0.000102	0.949033	1.500904	0.077411	802.405248	
228	0.209113	0.081434	0.121716	0.102376	0.151687	0.555530	0.010726	0.950432	1.503052	0.089215	771.414919	
229	0.208862	0.082255	0.120783	0.102717	0.153637	0.555380	0.019060	0.952841	1.506517	0.099312	745.779798	
230	0.210385	0.083363	0.121934	0.103014	0.160855	0.554964	0.029297	0.953601	1.509461	0.109925	723.548859	
231	0.207701	0.075317	0.123121	0.103382	0.164797	0.555056	0.040822	0.956089	1.509564	0.120202	704.555390	
232	0.208220	0.076500	0.123029	0.102889	0.163063	0.554679	0.043045	0.956927	1.509229	0.127019	692.414684	
233	0.207920	0.072909	0.124732	0.103615	0.170019	0.554647	0.051702	0.957429	1.513482	0.141116	683.618044	
234	0.209044	0.072642	0.126642	0.105545	0.177738	0.555771	0.068002	0.960968	1.514981	0.155212	675.564616	
235	0.211704	0.078542	0.125772	0.105322	0.179053	0.555670	0.082049	0.964147	1.514581	0.166659	670.553492	
236	0.213729	0.083325	0.124684	0.104465	0.178363	0.554889	0.092146	0.965781	1.514575	0.176633	670.436018	
237	0.207259	0.071313	0.124262	0.104134	0.183690	0.553495	0.106343	0.966154	1.512365	0.183859	670.646567	
238	0.203867	0.070003	0.121361	0.103449	0.188016	0.551598	0.123537	0.966506	1.513491	0.194822	670.336403	
239	0.204776	0.079022	0.119432	0.106860	0.195417	0.553435	0.137235	0.969301	1.518715	0.212499	671.873561	
240	0.204894	0.078035	0.120657	0.108484	0.203436	0.554074	0.145827	0.970036	1.519948	0.224807	677.338274	
241	0.203992	0.071651	0.122389	0.107252	0.205413	0.552998	0.152243	0.969483	1.518110	0.234125	684.559405	
242	0.203775	0.072113	0.122609	0.108831	0.209472	0.553932	0.164309	0.971309	1.513159	0.241154	693.173485	
243	0.202474	0.068081	0.122250	0.106163	0.211072	0.551225	0.164939	0.968542	1.511475	0.251435	701.753459	
244	0.203004	0.063383	0.123006	0.101727	0.212830	0.546581	0.166180	0.964004	1.514721	0.265186	709.609443	
245	0.205587	0.067663	0.125436	0.105966	0.221218	0.548695	0.178611	0.966550	1.515462	0.279968	719.965866	
246	0.203629	0.069707	0.123409	0.108288	0.223468	0.549625	0.194028	0.968448	1.510207	0.288212	729.693262	
247	0.203850	0.069460	0.123488	0.107665	0.224460	0.549131	0.208967	0.968419	1.509341	0.298920	739.476624	
248	0.212012	0.081074	0.126995	0.109118	0.231722	0.549962	0.221844	0.969431	1.511666	0.311765	752.307685	
249	0.212211	0.082426	0.127454	0.110963	0.238289	0.550319	0.229725	0.969862	1.508810	0.322762	764.920034	
250	0.206497	0.075615	0.124633	0.110179	0.241816	0.547334	0.237944	0.966949	1.505359	0.335540	774.713499	
251	0.205503	0.071152	0.124023	0.106284	0.241639	0.543236	0.251704	0.962609	1.503689	0.348960	787.604618	
252	0.209902	0.074156	0.126547	0.104701	0.246108	0.541444	0.269573	0.960066	1.503215	0.363543	797.916428	
253	0.212476	0.076153	0.128883	0.105534	0.253292	0.540884	0.282093	0.959138	1.503417	0.377853	808.217501	
254	0.214154	0.074422	0.131276	0.105697	0.259741	0.540012	0.292286	0.957909	1.499251	0.384259	815.938993	
255	0.213569	0.069812	0.132397	0.105383	0.264974	0.538733	0.304936	0.955824	1.495955	0.394195	828.942806	
256	0.215508	0.074274	0.132463	0.105661	0.268164	0.538435	0.316811	0.954174	1.494259	0.408261	841.714767	
257	0.218432	0.079657	0.134093	0.107378	0.273961	0.538708	0.332212	0.952933	1.493145	0.424694	854.711305	
258	0.216878	0.077653	0.134448	0.109175	0.282643	0.537163	0.344816	0.951154	1.495383	0.442839	871.058368	
259	0.216867	0.074888	0.135606	0.109791	0.290392	0.535639	0.356834	0.948772	1.494960	0.455108	879.977339	
260	0.216599	0.073110	0.136979	0.111499	0.298701	0.534748	0.367359	0.947508	1.492224	0.466146	889.382226	
261	0.216881	0.074135	0.137555	0.112608	0.305421	0.533566	0.376537	0.945837	1.490872	0.478507	896.079751	
262	0.218045	0.076569	0.138641	0.114483	0.315278	0.531959	0.384763	0.944595	1.489044	0.490324	899.818661	
263	0.217849	0.075976	0.139767	0.117011	0.323588	0.531445	0.401923	0.942262	1.487486	0.502565	902.023844	
264	0.218109	0.074773	0.141550	0.119561	0.331942	0.531166	0.422155	0.939187	1.485382	0.515286	901.375758	
265	0.219617	0.075158	0.143975	0.121837	0.342388	0.529510	0.429933	0.938432	1.482939	0.529801	896.897064	
266	0.222669	0.078169	0.146670	0.124138	0.352285	0.528118	0.447399	0.935456	1.481876	0.545918	889.546549	
267	0.217480	0.064366	0.150842	0.127075	0.362972	0.527859	0.463286	0.933933	1.480815	0.558029	874.110454	
268	0.215539	0.059490	0.153834	0.130931	0.374996	0.526832	0.470047	0.934607	1.479825	0.570150	858.615428	
269	0.222644	0.076017	0.155313	0.135879	0.386669	0.525911	0.477525	0.934902	1.480766	0.584327	830.563434	
270	0.222363	0.074130	0.158944	0.139208	0.397991	0.524734	0.495289	0.932092	1.480427	0.598971	791.926384	
271	0.219617	0.069472	0.163294	0.144319	0.410807	0.524854	0.516902	0.929815	1.481116	0.613822	745.243360	
272	0.223615	0.076427	0.170705	0.153362	0.428834	0.526342	0.534244	0.931831	1.480633	0.628146	689.419001	
273	0.224274	0.076630	0.179359	0.161430	0.447451	0.526867	0.545292	0.934609	1.481054	0.641414	624.692876	
274	0.223963	0.074668	0.186995	0.166493	0.463937	0.525237	0.559045	0.933891	1.481166	0.653688	542.681467	
275	0.227872	0.079535	0.195379	0.172843	0.479821	0.526091	0.580636	0.933172	1.482399	0.665112	453.089464	
276	0.233007	0.083566	0.206330	0.179833	0.498621	0.526732	0.602871	0.932855	1.485028	0.679308	360.575123	
277	0.232379	0.080091	0.222640	0.187520	0.522901	0.526472	0.618766	0.935072	1.487104	0.694664	266.979562	
278	0.235639	0.084616	0.235664	0.193949	0.542590	0.526996	0.630525	0.937449	1.488952	0.707812	189.406725	
279	0.248363	0.098508	0.249276	0.201670	0.563705	0.528265	0.641251	0.940839	1.490465	0.720227	127.449428	
280	0.271204	0.117507	0.268097	0.211890	0.592034	0.528647	0.656246	0.943676	1.491156	0.733031	86.702831	
281	0.292038	0.129798	0.287877	0.221117	0.619127	0.530083	0.675998	0.946235	1.493279	0.745887	55.014302	
282	0.318185	0.141441	0.310403	0.231192	0.649318	0.530980	0.694969	0.948574	1.494835	0.758146	34.665621	
283	0.344750	0.148421	0.334529	0.238995	0.678786	0.531157	0.710556	0.950004	1.496888	0.771110	17.361748	
284	0.366523	0.152393	0.355046	0.245129	0.703729	0.532267	0.723977	0.951786	1.498424	0.785678	8.834012	
285	0.378757	0.156128	0.373588	0.249164	0.726190	0.532095	0.738463	0.951905	1.498723	0.798066	3.506846	
286	0.399847	0.156931	0.392485	0.252030	0.747095	0.532326	0.752123	0.952279	1.500406	0.809852	-0.033545	
287	0.417633	0.161606	0.412374	0.256304	0.768007	0.534571	0.766620	0.954562	1.502124	0.822337	0.060365	
288	0.440119	0.165896	0.437124	0.260742	0.793667	0.538695	0.782844	0.958529	1.504244	0.833330	-0.026622	
289	0.464276	0.169687	0.460972	0.265190	0.818904	0.541535	0.794092	0.960686	1.508367	0.845128	0.217396	
290	0.487182	0.175957	0.482408	0.270302	0.841807	0.544259	0.805222	0.962532	1.510613	0.858682	-0.149028	
291	0.509693	0.179596	0.506034	0.271926	0.864043	0.549147	0.817910	0.966636	1.511329	0.871675	-0.314872	
292	0.538999	0.181518	0.533202	0.273470	0.889847	0.551930	0.827253	0.967143	1.512753	0.884333	0.658098	
293	0.568556	0.181662	0.559287	0.273148	0.912110	0.556526	0.838028	0.969763	1.515717	0.896122	-0.312889	
294	0.594801	0.180150	0.582963	0.270476	0.929490	0.563085	0.846057	0.974740	1.516201	0.903713	-1.605871	
295	0.617442	0.178361	0.606302	0.266553	0.946971	0.566502	0.847613	0.974618	1.514201	0.908583	0.493241	
296	0.648482	0.176104	0.632022	0.263422	0.967518	0.569191	0.858088	0.974652	1.514897	0.917094	-1.175935	
297	0.680937	0.174837	0.658644	0.260970	0.987585	0.573878	0.870007	0.977055	1.516536	0.928234	-1.912357	
298	0.712813	0.172490	0.685917	0.257074	1.006744	0.578428	0.879954	0.978815	1.517317	0.938602	-1.402544	
299	0.742880	0.166513	0.713247	0.249123	1.024325	0.580216	0.892126	0.978786	1.517567	0.947521	-1.071869	
300	0.782554	0.161935	0.742742	0.241229	1.043743	0.581416	0.909354	0.979207	1.518837	0.958949	-0.836284	
301	0.814941	0.154122	0.774822	0.233265	1.064103	0.583675	0.924886	0.979868	1.521638	0.973316	-0.489549	
302	0.839331	0.144966	0.805751	0.225473	1.079653	0.588736	0.927878	0.980142	1.520511	0.981939	-0.564794	
303	0.873852	0.139211	0.841923	0.220478	1.102775	0.592994	0.944984	0.981999	1.522488	0.995960	0.808512	
304	0.906680	0.129152	0.876264	0.212071	1.122842	0.594388	0.956967	0.979995	1.525418	1.012689	0.601161	
305	0.935866	0.114945	0.912027	0.203675	1.141924	0.596907	0.969143	0.979543	1.524748	1.027046	-1.080112	
306	0.959422	0.091155	0.947511	0.197770	1.161489	0.600310	0.983138	0.980506	1.522229	1.033641	2.064359	
307	0.999450	0.061099	0.980922	0.191835	1.180324	0.601873	0.995860	0.979195	1.523230	1.049627	0.101934	
308	NaN	NaN	NaN	NaN	NaN	NaN	NaN	NaN	1.524821	1.068447	-1.372176	
309	NaN	NaN	NaN	NaN	NaN	NaN	NaN	NaN	1.521286	1.073481	-1.962909	
310	NaN	NaN	NaN	NaN	NaN	NaN	NaN	NaN	1.518687	1.080160	-2.080702	
311	NaN	NaN	NaN	NaN	NaN	NaN	NaN	NaN	1.513952	1.084158	-2.166470	
312	NaN	NaN	NaN	NaN	NaN	NaN	NaN	NaN	1.514210	1.103547	-1.763681	
313	NaN	NaN	NaN	NaN	NaN	NaN	NaN	NaN	1.513082	1.116333	-0.224023	
314	NaN	NaN	NaN	NaN	NaN	NaN	NaN	NaN	1.506795	1.114146	-1.984503	
315	NaN	NaN	NaN	NaN	NaN	NaN	NaN	NaN	1.503675	1.123559	-0.976784	
316	NaN	NaN	NaN	NaN	NaN	NaN	NaN	NaN	1.504731	1.143245	-1.448031	
317	NaN	NaN	NaN	NaN	NaN	NaN	NaN	NaN	1.506087	1.160218	-1.407502	
318	NaN	NaN	NaN	NaN	NaN	NaN	NaN	NaN	1.502939	1.171690	-1.973997	
319	NaN	NaN	NaN	NaN	NaN	NaN	NaN	NaN	1.499710	1.182282	0.695137	
320	NaN	NaN	NaN	NaN	NaN	NaN	NaN	NaN	1.498202	1.194032	-0.530127	
321	NaN	NaN	NaN	NaN	NaN	NaN	NaN	NaN	1.498709	1.212048	-0.913076	
322	NaN	NaN	NaN	NaN	NaN	NaN	NaN	NaN	1.499991	1.232949	-0.868608	
323	NaN	NaN	NaN	NaN	NaN	NaN	NaN	NaN	1.493180	1.235453	-2.545057	
324	NaN	NaN	NaN	NaN	NaN	NaN	NaN	NaN	1.487069	1.236788	0.154057	
325	NaN	NaN	NaN	NaN	NaN	NaN	NaN	NaN	1.482565	1.245042	-0.866229	
326	NaN	NaN	NaN	NaN	NaN	NaN	NaN	NaN	1.479038	1.257793	-1.369589	
327	NaN	NaN	NaN	NaN	NaN	NaN	NaN	NaN	1.476932	1.272118	-1.261254	
328	NaN	NaN	NaN	NaN	NaN	NaN	NaN	NaN	1.475610	1.285222	-1.393336	
329	NaN	NaN	NaN	NaN	NaN	NaN	NaN	NaN	1.477112	1.300403	-0.979893	
330	NaN	NaN	NaN	NaN	NaN	NaN	NaN	NaN	1.479952	1.319593	-1.556765	
331	NaN	NaN	NaN	NaN	NaN	NaN	NaN	NaN	1.476057	1.331623	-1.542747	
332	NaN	NaN	NaN	NaN	NaN	NaN	NaN	NaN	1.472954	1.341671	-2.458831	
333	NaN	NaN	NaN	NaN	NaN	NaN	NaN	NaN	1.471482	1.354843	-2.373598	
334	NaN	NaN	NaN	NaN	NaN	NaN	NaN	NaN	1.471551	1.370595	-2.092050	
335	NaN	NaN	NaN	NaN	NaN	NaN	NaN	NaN	1.471659	1.381181	-1.342104	
336	NaN	NaN	NaN	NaN	NaN	NaN	NaN	NaN	1.469370	1.387223	-1.743464	
337	NaN	NaN	NaN	NaN	NaN	NaN	NaN	NaN	1.469999	1.401132	-1.864218	
338	NaN	NaN	NaN	NaN	NaN	NaN	NaN	NaN	1.470570	1.414939	-0.269949	
339	NaN	NaN	NaN	NaN	NaN	NaN	NaN	NaN	1.471657	1.428190	-2.705600	
340	NaN	NaN	NaN	NaN	NaN	NaN	NaN	NaN	1.473791	1.442915	-0.935178	
341	NaN	NaN	NaN	NaN	NaN	NaN	NaN	NaN	1.475717	1.457375	0.658376	
342	NaN	NaN	NaN	NaN	NaN	NaN	NaN	NaN	1.477526	1.471405	-0.144284	
343	NaN	NaN	NaN	NaN	NaN	NaN	NaN	NaN	1.481441	1.488670	-0.018081	
344	NaN	NaN	NaN	NaN	NaN	NaN	NaN	NaN	1.482740	1.500595	2.112360	
345	NaN	NaN	NaN	NaN	NaN	NaN	NaN	NaN	1.482432	1.511107	0.725953	
346	NaN	NaN	NaN	NaN	NaN	NaN	NaN	NaN	1.482358	1.521135	-1.479842	
347	NaN	NaN	NaN	NaN	NaN	NaN	NaN	NaN	NaN	NaN	-1.482628	
348	NaN	NaN	NaN	NaN	NaN	NaN	NaN	NaN	NaN	NaN	-0.115434	
349	NaN	NaN	NaN	NaN	NaN	NaN	NaN	NaN	NaN	NaN	-0.844828	
350	NaN	NaN	NaN	NaN	NaN	NaN	NaN	NaN	NaN	NaN	0.615417	
351	NaN	NaN	NaN	NaN	NaN	NaN	NaN	NaN	NaN	NaN	-0.595228	
352	NaN	NaN	NaN	NaN	NaN	NaN	NaN	NaN	NaN	NaN	-2.937843	
353	NaN	NaN	NaN	NaN	NaN	NaN	NaN	NaN	NaN	NaN	0.528718	
354	NaN	NaN	NaN	NaN	NaN	NaN	NaN	NaN	NaN	NaN	0.817917	
355	NaN	NaN	NaN	NaN	NaN	NaN	NaN	NaN	NaN	NaN	-0.041527	
356	NaN	NaN	NaN	NaN	NaN	NaN	NaN	NaN	NaN	NaN	-1.130235	
357	NaN	NaN	NaN	NaN	NaN	NaN	NaN	NaN	NaN	NaN	-0.924632	
358	NaN	NaN	NaN	NaN	NaN	NaN	NaN	NaN	NaN	NaN	-1.271029	
359	NaN	NaN	NaN	NaN	NaN	NaN	NaN	NaN	NaN	NaN	-0.497200	
360	NaN	NaN	NaN	NaN	NaN	NaN	NaN	NaN	NaN	NaN	-1.541314	
361	NaN	NaN	NaN	NaN	NaN	NaN	NaN	NaN	NaN	NaN	0.036420	
362	NaN	NaN	NaN	NaN	NaN	NaN	NaN	NaN	NaN	NaN	0.137233	
363	NaN	NaN	NaN	NaN	NaN	NaN	NaN	NaN	NaN	NaN	-0.472479	
364	NaN	NaN	NaN	NaN	NaN	NaN	NaN	NaN	NaN	NaN	-0.892728	
365	NaN	NaN	NaN	NaN	NaN	NaN	NaN	NaN	NaN	NaN	-0.748036	
366	NaN	NaN	NaN	NaN	NaN	NaN	NaN	NaN	NaN	NaN	-0.896643	
367	NaN	NaN	NaN	NaN	NaN	NaN	NaN	NaN	NaN	NaN	1.539912	
368	NaN	NaN	NaN	NaN	NaN	NaN	NaN	NaN	NaN	NaN	-2.323775	
369	NaN	NaN	NaN	NaN	NaN	NaN	NaN	NaN	NaN	NaN	-1.313833	
370	NaN	NaN	NaN	NaN	NaN	NaN	NaN	NaN	NaN	NaN	-1.069784	
371	NaN	NaN	NaN	NaN	NaN	NaN	NaN	NaN	NaN	NaN	-1.395208	
372	NaN	NaN	NaN	NaN	NaN	NaN	NaN	NaN	NaN	NaN	0.381973	
373	NaN	NaN	NaN	NaN	NaN	NaN	NaN	NaN	NaN	NaN	-0.696147	
374	NaN	NaN	NaN	NaN	NaN	NaN	NaN	NaN	NaN	NaN	0.141399	
375	NaN	NaN	NaN	NaN	NaN	NaN	NaN	NaN	NaN	NaN	-0.621902	
376	NaN	NaN	NaN	NaN	NaN	NaN	NaN	NaN	NaN	NaN	0.509556	
377	NaN	NaN	NaN	NaN	NaN	NaN	NaN	NaN	NaN	NaN	-1.587192	
378	NaN	NaN	NaN	NaN	NaN	NaN	NaN	NaN	NaN	NaN	2.842362	
379	NaN	NaN	NaN	NaN	NaN	NaN	NaN	NaN	NaN	NaN	-0.131613	
380	NaN	NaN	NaN	NaN	NaN	NaN	NaN	NaN	NaN	NaN	0.072332	
381	NaN	NaN	NaN	NaN	NaN	NaN	NaN	NaN	NaN	NaN	0.547820	
382	NaN	NaN	NaN	NaN	NaN	NaN	NaN	NaN	NaN	NaN	-0.177479	
383	NaN	NaN	NaN	NaN	NaN	NaN	NaN	NaN	NaN	NaN	0.270587	
384	NaN	NaN	NaN	NaN	NaN	NaN	NaN	NaN	NaN	NaN	0.003860	
385	NaN	NaN	NaN	NaN	NaN	NaN	NaN	NaN	NaN	NaN	0.034270	
386	NaN	NaN	NaN	NaN	NaN	NaN	NaN	NaN	NaN	NaN	-1.889156	
387	NaN	NaN	NaN	NaN	NaN	NaN	NaN	NaN	NaN	NaN	-1.240890	
388	NaN	NaN	NaN	NaN	NaN	NaN	NaN	NaN	NaN	NaN	0.053363	
389	NaN	NaN	NaN	NaN	NaN	NaN	NaN	NaN	NaN	NaN	-0.988493	
390	NaN	NaN	NaN	NaN	NaN	NaN	NaN	NaN	NaN	NaN	0.561882	
391	NaN	NaN	NaN	NaN	NaN	NaN	NaN	NaN	NaN	NaN	-1.533908	
392	NaN	NaN	NaN	NaN	NaN	NaN	NaN	NaN	NaN	NaN	0.138346	
393	NaN	NaN	NaN	NaN	NaN	NaN	NaN	NaN	NaN	NaN	1.029311	
394	NaN	NaN	NaN	NaN	NaN	NaN	NaN	NaN	NaN	NaN	-1.249423	
395	NaN	NaN	NaN	NaN	NaN	NaN	NaN	NaN	NaN	NaN	-0.804634	
396	NaN	NaN	NaN	NaN	NaN	NaN	NaN	NaN	NaN	NaN	-0.232237	
397	NaN	NaN	NaN	NaN	NaN	NaN	NaN	NaN	NaN	NaN	0.293211	
398	NaN	NaN	NaN	NaN	NaN	NaN	NaN	NaN	NaN	NaN	-1.211217	
399	NaN	NaN	NaN	NaN	NaN	NaN	NaN	NaN	NaN	NaN	-1.187649	
400	NaN	NaN	NaN	NaN	NaN	NaN	NaN	NaN	NaN	NaN	NaN	
