Testing	// User ID
7-2-2025	// Evaluation date
KJ_Walk_BW1	6-2-2025	11:53:58:941	// Source file name and timestamp
100.000	// Sampling rate
4.000	// Data capture period



Sample #	Right_Foot_COM_X	Right_Foot_COM_Y	RightAnklePosX	RightAnklePosY	RightKnee.Pos.X	RightKneePosY	RightHip_PosX	RightHipPosY	ThoraxCOMPosY	ThoraxCOMPosX	GRF_MoundY	
0	NaN	NaN	NaN	NaN	NaN	NaN	NaN	NaN	NaN	NaN	2.277311	
1	NaN	NaN	NaN	NaN	NaN	NaN	NaN	NaN	NaN	NaN	-0.512774	
2	NaN	NaN	NaN	NaN	NaN	NaN	NaN	NaN	NaN	NaN	0.393118	
3	NaN	NaN	NaN	NaN	NaN	NaN	NaN	NaN	NaN	NaN	-1.421803	
4	NaN	NaN	NaN	NaN	NaN	NaN	NaN	NaN	NaN	NaN	-1.291950	
5	NaN	NaN	NaN	NaN	NaN	NaN	NaN	NaN	NaN	NaN	-0.935266	
6	NaN	NaN	NaN	NaN	NaN	NaN	NaN	NaN	NaN	NaN	1.344252	
7	NaN	NaN	NaN	NaN	NaN	NaN	NaN	NaN	NaN	NaN	-0.565774	
8	NaN	NaN	NaN	NaN	NaN	NaN	NaN	NaN	NaN	NaN	0.256628	
9	NaN	NaN	NaN	NaN	NaN	NaN	NaN	NaN	NaN	NaN	-2.321288	
10	NaN	NaN	NaN	NaN	NaN	NaN	NaN	NaN	NaN	NaN	1.429315	
11	NaN	NaN	NaN	NaN	NaN	NaN	NaN	NaN	NaN	NaN	0.668536	
12	NaN	NaN	NaN	NaN	NaN	NaN	NaN	NaN	NaN	NaN	0.776350	
13	NaN	NaN	NaN	NaN	NaN	NaN	NaN	NaN	NaN	NaN	1.290090	
14	NaN	NaN	NaN	NaN	NaN	NaN	NaN	NaN	NaN	NaN	-0.627971	
15	NaN	NaN	NaN	NaN	NaN	NaN	NaN	NaN	NaN	NaN	0.055215	
16	NaN	NaN	NaN	NaN	NaN	NaN	NaN	NaN	NaN	NaN	-0.165522	
17	NaN	NaN	NaN	NaN	NaN	NaN	NaN	NaN	NaN	NaN	0.011196	
18	NaN	NaN	NaN	NaN	NaN	NaN	NaN	NaN	NaN	NaN	1.895185	
19	NaN	NaN	NaN	NaN	NaN	NaN	NaN	NaN	NaN	NaN	1.171464	
20	NaN	NaN	NaN	NaN	NaN	NaN	NaN	NaN	NaN	NaN	0.150284	
21	NaN	NaN	NaN	NaN	NaN	NaN	NaN	NaN	NaN	NaN	0.461121	
22	NaN	NaN	NaN	NaN	NaN	NaN	NaN	NaN	NaN	NaN	1.027934	
23	NaN	NaN	NaN	NaN	NaN	NaN	NaN	NaN	NaN	NaN	-0.757383	
24	NaN	NaN	NaN	NaN	NaN	NaN	NaN	NaN	NaN	NaN	0.044916	
25	NaN	NaN	NaN	NaN	NaN	NaN	NaN	NaN	NaN	NaN	-0.669208	
26	NaN	NaN	NaN	NaN	NaN	NaN	NaN	NaN	NaN	NaN	1.059244	
27	NaN	NaN	NaN	NaN	NaN	NaN	NaN	NaN	NaN	NaN	1.045036	
28	NaN	NaN	NaN	NaN	NaN	NaN	NaN	NaN	NaN	NaN	0.044166	
29	NaN	NaN	NaN	NaN	NaN	NaN	NaN	NaN	NaN	NaN	0.798837	
30	NaN	NaN	NaN	NaN	NaN	NaN	NaN	NaN	NaN	NaN	1.510922	
31	NaN	NaN	NaN	NaN	NaN	NaN	NaN	NaN	NaN	NaN	-0.202628	
32	NaN	NaN	NaN	NaN	NaN	NaN	NaN	NaN	NaN	NaN	1.593265	
33	NaN	NaN	NaN	NaN	NaN	NaN	NaN	NaN	NaN	NaN	-1.590582	
34	NaN	NaN	NaN	NaN	NaN	NaN	NaN	NaN	NaN	NaN	-0.200083	
35	NaN	NaN	NaN	NaN	NaN	NaN	NaN	NaN	NaN	NaN	-1.037982	
36	NaN	NaN	NaN	NaN	NaN	NaN	NaN	NaN	NaN	NaN	0.402503	
37	NaN	NaN	NaN	NaN	NaN	NaN	NaN	NaN	NaN	NaN	-0.600768	
38	NaN	NaN	NaN	NaN	NaN	NaN	NaN	NaN	NaN	NaN	0.786561	
39	NaN	NaN	NaN	NaN	NaN	NaN	NaN	NaN	NaN	NaN	-0.402113	
40	NaN	NaN	NaN	NaN	NaN	NaN	NaN	NaN	NaN	NaN	0.577459	
41	NaN	NaN	NaN	NaN	NaN	NaN	NaN	NaN	NaN	NaN	-0.495182	
42	NaN	NaN	NaN	NaN	NaN	NaN	NaN	NaN	NaN	NaN	1.209416	
43	NaN	NaN	NaN	NaN	NaN	NaN	NaN	NaN	NaN	NaN	-0.226675	
44	NaN	NaN	NaN	NaN	NaN	NaN	NaN	NaN	NaN	NaN	1.546542	
45	NaN	NaN	NaN	NaN	NaN	NaN	NaN	NaN	NaN	NaN	-0.337582	
46	NaN	NaN	NaN	NaN	NaN	NaN	NaN	NaN	NaN	NaN	2.444676	
47	NaN	NaN	NaN	NaN	NaN	NaN	NaN	NaN	NaN	NaN	1.366091	
48	NaN	NaN	NaN	NaN	NaN	NaN	NaN	NaN	NaN	NaN	-1.608237	
49	NaN	NaN	NaN	NaN	NaN	NaN	NaN	NaN	NaN	NaN	0.427414	
50	NaN	NaN	NaN	NaN	NaN	NaN	NaN	NaN	NaN	NaN	1.742172	
51	NaN	NaN	NaN	NaN	NaN	NaN	NaN	NaN	NaN	NaN	0.360914	
52	NaN	NaN	NaN	NaN	NaN	NaN	NaN	NaN	NaN	NaN	0.453095	
53	NaN	NaN	NaN	NaN	NaN	NaN	NaN	NaN	NaN	NaN	0.493100	
54	NaN	NaN	NaN	NaN	NaN	NaN	NaN	NaN	NaN	NaN	-0.384050	
55	NaN	NaN	NaN	NaN	NaN	NaN	NaN	NaN	NaN	NaN	-0.764978	
56	NaN	NaN	NaN	NaN	NaN	NaN	NaN	NaN	NaN	NaN	0.407132	
57	NaN	NaN	NaN	NaN	NaN	NaN	NaN	NaN	NaN	NaN	-1.398481	
58	NaN	NaN	NaN	NaN	NaN	NaN	NaN	NaN	NaN	NaN	-0.042699	
59	NaN	NaN	NaN	NaN	NaN	NaN	NaN	NaN	NaN	NaN	0.815877	
60	NaN	NaN	NaN	NaN	NaN	NaN	NaN	NaN	NaN	NaN	-0.738806	
61	NaN	NaN	NaN	NaN	NaN	NaN	NaN	NaN	NaN	NaN	0.145675	
62	NaN	NaN	NaN	NaN	NaN	NaN	NaN	NaN	NaN	NaN	0.795681	
63	NaN	NaN	NaN	NaN	NaN	NaN	NaN	NaN	NaN	NaN	1.027659	
64	NaN	NaN	NaN	NaN	NaN	NaN	NaN	NaN	NaN	NaN	-1.059389	
65	-1.874358	0.128838	-1.864693	0.232738	-1.571765	0.527038	-1.638147	0.947867	1.408298	-1.581922	0.004248	
66	-1.835139	0.139600	-1.838351	0.235479	-1.548332	0.532416	-1.627939	0.951006	1.415445	-1.569154	0.996315	
67	-1.797922	0.147912	-1.808621	0.239496	-1.522713	0.540014	-1.615951	0.955854	1.424296	-1.555681	-0.614467	
68	-1.765387	0.146937	-1.787847	0.235182	-1.509299	0.542245	-1.610257	0.956425	1.425749	-1.546771	-0.420788	
69	-1.723205	0.149683	-1.773220	0.217226	-1.511527	0.538311	-1.621914	0.950173	1.421624	-1.553970	0.844993	
70	-1.678432	0.156756	-1.740442	0.210213	-1.497011	0.544427	-1.636674	0.947284	1.418130	-1.557609	0.488896	
71	-1.644318	0.153428	-1.705769	0.208616	-1.474946	0.550755	-1.618831	0.952106	1.420251	-1.542189	0.696037	
72	-1.603312	0.158726	-1.671882	0.203703	-1.456779	0.555193	-1.599674	0.956902	1.420714	-1.527592	0.057211	
73	-1.561079	0.164397	-1.634252	0.200573	-1.437226	0.561786	-1.585338	0.961544	1.419819	-1.515377	0.225059	
74	-1.507140	0.191292	-1.593818	0.188628	-1.428151	0.565609	-1.572985	0.966603	1.419613	-1.505804	1.106395	
75	-1.473644	0.184481	-1.559751	0.174787	-1.423704	0.563895	-1.563611	0.966667	1.419887	-1.496219	-1.172412	
76	-1.432240	0.188045	-1.518730	0.168812	-1.413363	0.567964	-1.553651	0.970623	1.418950	-1.487056	0.983106	
77	-1.393146	0.192907	-1.480816	0.163983	-1.404328	0.570784	-1.547991	0.972250	1.418064	-1.477458	1.651149	
78	-1.354848	0.185687	-1.442033	0.157534	-1.400294	0.570050	-1.541648	0.972295	1.417785	-1.468951	0.458671	
79	-1.319819	0.179929	-1.406401	0.147204	-1.395745	0.561794	-1.522645	0.968875	1.416735	-1.457689	1.866570	
80	-1.286601	0.155772	-1.369825	0.143409	-1.384843	0.558167	-1.507448	0.966562	1.415581	-1.441788	0.966737	
81	-1.262237	0.142289	-1.344853	0.137518	-1.378236	0.551551	-1.497063	0.961054	1.417435	-1.427555	0.099572	
82	-1.246661	0.123656	-1.326748	0.130660	-1.371633	0.543606	-1.484918	0.954629	1.418533	-1.414161	0.207754	
83	-1.227388	0.118182	-1.307360	0.128245	-1.363453	0.539642	-1.477241	0.950484	1.415988	-1.404511	-0.988758	
84	-1.193187	0.124567	-1.275208	0.130047	-1.355466	0.537000	-1.468163	0.948109	1.412946	-1.393969	1.439215	
85	-1.161748	0.124790	-1.243188	0.133542	-1.354353	0.532965	-1.464014	0.944854	1.412004	-1.385062	1.703367	
86	-1.147066	0.104048	-1.227079	0.132321	-1.358431	0.524869	-1.463797	0.937803	1.405119	-1.383441	0.873630	
87	-1.135065	0.094754	-1.210916	0.134410	-1.348737	0.524346	-1.452263	0.937618	1.401883	-1.371594	0.782236	
88	-1.118363	0.088584	-1.197547	0.130592	-1.336817	0.520678	-1.442154	0.933597	1.396677	-1.356793	-1.076543	
89	-1.107898	0.117095	-1.189432	0.124998	-1.331071	0.514620	-1.437158	0.927296	1.388159	-1.345825	0.239060	
90	-1.092986	0.142696	-1.176590	0.127784	-1.319355	0.517146	-1.426733	0.929448	1.386925	-1.334782	1.356048	
91	-1.085089	0.128313	-1.167617	0.127322	-1.304873	0.518352	-1.411329	0.931072	1.390801	-1.329149	0.149553	
92	-1.081840	0.096032	-1.163031	0.113974	-1.299745	0.504925	-1.407261	0.917421	1.378150	-1.335054	2.722715	
93	-1.076091	0.062837	-1.158072	0.100575	-1.292908	0.491718	-1.403205	0.903503	1.364836	-1.337928	-0.181246	
94	-1.076127	0.083821	-1.157075	0.101074	-1.278133	0.496083	-1.397553	0.905145	1.363629	-1.333189	0.543406	
95	-1.066951	0.094065	-1.148679	0.105897	-1.265043	0.503352	-1.371275	0.915895	1.374265	-1.316605	-0.836739	
96	-1.060006	0.078951	-1.138371	0.102892	-1.245618	0.503732	-1.330214	0.921273	1.384250	-1.279794	1.813646	
97	-1.057655	0.050203	-1.130632	0.101018	-1.225640	0.505152	-1.311267	0.922485	1.381957	-1.257265	-0.522263	
98	-1.054332	0.058487	-1.129993	0.093825	-1.210507	0.501153	-1.305813	0.916261	1.378905	-1.251086	0.298401	
99	-1.048812	0.069112	-1.127175	0.092219	-1.197468	0.501534	-1.288698	0.917570	1.379277	-1.240604	-1.270915	
100	-1.045529	0.066958	-1.123502	0.091652	-1.185031	0.502439	-1.274724	0.918932	1.377793	-1.229660	1.957812	
101	-1.044132	0.058374	-1.120466	0.087598	-1.178505	0.498923	-1.281738	0.911797	1.376934	-1.237342	0.160908	
102	-1.043353	0.048301	-1.117786	0.083375	-1.174818	0.494848	-1.295562	0.902018	1.375058	-1.254460	1.915760	
103	-1.042519	0.041711	-1.115856	0.080272	-1.171696	0.491898	-1.307140	0.893394	1.373395	-1.271055	1.459705	
104	-1.043804	0.032298	-1.115515	0.079669	-1.161718	0.492484	-1.289611	0.897034	1.374706	-1.250203	0.066920	
105	-1.044305	0.026026	-1.116040	0.079721	-1.151084	0.493628	-1.267513	0.902372	1.376889	-1.224112	-0.929092	
106	-1.043928	0.017727	-1.116105	0.079829	-1.141313	0.494450	-1.248698	0.906045	1.379215	-1.202989	0.280064	
107	-1.043843	0.019963	-1.115050	0.079651	-1.134637	0.494544	-1.248807	0.903382	1.379971	-1.210844	0.472155	
108	-1.043361	0.024692	-1.113969	0.079939	-1.127936	0.495029	-1.247995	0.900857	1.380080	-1.220973	1.726456	
109	-1.042890	0.027518	-1.112870	0.080554	-1.120703	0.495775	-1.243920	0.899371	1.380951	-1.225004	0.539395	
110	-1.042845	0.031410	-1.114089	0.079710	-1.112588	0.495021	-1.233684	0.899041	1.382670	-1.214341	0.429383	
111	-1.042675	0.034537	-1.115204	0.078230	-1.105460	0.493442	-1.223969	0.898106	1.385008	-1.204759	0.940436	
112	-1.039773	0.050317	-1.117331	0.076852	-1.099198	0.491779	-1.213655	0.897477	1.386330	-1.197731	-0.513158	
113	-1.042352	0.036733	-1.115228	0.077304	-1.094716	0.492109	-1.205693	0.898207	1.387846	-1.187911	-0.334359	
114	-1.044870	0.013946	-1.111892	0.076921	-1.090663	0.491701	-1.193011	0.899946	1.389026	-1.175395	0.621247	
115	-1.041120	0.042849	-1.116004	0.076626	-1.089569	0.491111	-1.186099	0.901207	1.390390	-1.165951	0.309025	
116	-1.038145	0.055549	-1.117549	0.078025	-1.086600	0.492038	-1.171911	0.905077	1.391262	-1.156887	-0.257167	
117	-1.041186	0.043330	-1.116439	0.076146	-1.078765	0.489593	-1.150187	0.905255	1.393028	-1.147474	-1.099626	
118	-1.039656	0.048568	-1.116614	0.077358	-1.077370	0.490607	-1.127704	0.910561	1.394064	-1.137712	0.753051	
119	-1.038659	0.054745	-1.116799	0.081146	-1.077468	0.494169	-1.098871	0.918178	1.394934	-1.127368	-0.961887	
120	-1.043491	0.035060	-1.113797	0.083673	-1.075609	0.496774	-1.077995	0.922126	1.396305	-1.115358	0.518822	
121	-1.044807	0.032472	-1.115145	0.082970	-1.068644	0.495567	-1.068673	0.920307	1.397325	-1.104208	0.873301	
122	-1.046348	0.017172	-1.116028	0.086566	-1.066667	0.498885	-1.062050	0.923261	1.398674	-1.092287	0.189448	
123	-1.044528	0.006126	-1.116586	0.091388	-1.060290	0.502811	-1.053465	0.926968	1.399546	-1.076334	1.463908	
124	-1.051151	0.019670	-1.119584	0.096905	-1.056766	0.507389	-1.042834	0.931760	1.401233	-1.054598	-0.487012	
125	-1.051551	0.029194	-1.121732	0.095225	-1.056699	0.505410	-1.030908	0.929775	1.401913	-1.033702	0.872321	
126	-1.042535	-0.001076	-1.112470	0.090917	-1.057278	0.502536	-1.022789	0.926082	1.401929	-1.013406	0.206718	
127	-1.043997	-0.006186	-1.116993	0.076693	-1.058450	0.487718	-1.006291	0.910061	1.402558	-0.994646	0.389337	
128	-1.048979	0.059839	-1.131026	0.075024	-1.061811	0.483897	-0.996271	0.905147	1.400901	-0.985160	-0.159897	
129	-0.985624	0.145109	-1.133447	0.082255	-1.060455	0.489844	-0.990246	0.910427	1.400094	-0.965437	-0.739423	
130	-0.971606	0.142556	-1.129362	0.087853	-1.055438	0.495305	-0.979318	0.914798	1.400701	-0.947553	-0.573289	
131	-0.971433	0.134927	-1.126304	0.090200	-1.052210	0.497704	-0.973519	0.916678	1.401329	-0.932031	0.742458	
132	-1.062160	0.015367	-1.124309	0.092409	-1.049042	0.499367	-0.964989	0.917226	1.400627	-0.917527	1.537728	
133	-1.058397	-0.018020	-1.119041	0.092047	-1.046232	0.499067	-0.951056	0.914572	1.400215	-0.906823	0.128054	
134	-1.060537	0.004867	-1.118996	0.095242	-1.044690	0.502102	-0.942010	0.915911	1.398964	-0.894862	1.374534	
135	-1.054796	0.003252	-1.114684	0.091468	-1.044059	0.499439	-0.939340	0.912782	1.398869	-0.885852	2.250099	
136	-1.050193	0.024396	-1.114608	0.086165	-1.038281	0.492759	-0.932341	0.905767	1.395579	-0.877151	-1.345727	
137	-1.031967	0.068991	-1.114522	0.088081	-1.026396	0.492592	-0.920568	0.905535	1.392669	-0.859760	1.125551	
138	-1.040684	0.056954	-1.115425	0.091430	-1.020091	0.494329	-0.909604	0.906004	1.389241	-0.837276	0.880249	
139	-1.048867	0.036995	-1.113658	0.092063	-1.014933	0.493977	-0.892865	0.902486	1.386612	-0.820846	0.064377	
140	-1.040774	0.051037	-1.111336	0.092726	-1.013258	0.495193	-0.883531	0.901316	1.385618	-0.810344	-0.029649	
141	-1.043719	0.035548	-1.106032	0.096368	-0.997506	0.496313	-0.878612	0.905595	1.382862	-0.798462	1.157745	
142	-1.035558	0.052852	-1.102925	0.100332	-0.984472	0.497208	-0.859984	0.904923	1.379095	-0.781682	0.726720	
143	-1.037740	0.056812	-1.106140	0.101393	-0.976757	0.494971	-0.855648	0.903735	1.379721	-0.773536	0.872205	
144	-1.038252	0.057972	-1.108346	0.099041	-0.968693	0.489399	-0.850218	0.898822	1.378844	-0.761910	1.848170	
145	-1.036336	0.058643	-1.105992	0.100697	-0.957178	0.487502	-0.832487	0.895183	1.374188	-0.747180	0.269858	
146	-1.037338	0.050097	-1.100535	0.103479	-0.944912	0.487938	-0.817084	0.894637	1.370698	-0.735036	0.268919	
147	-1.039368	0.044897	-1.097861	0.104680	-0.934942	0.486424	-0.809844	0.893847	1.369701	-0.724703	-0.148531	
148	-1.034363	0.052117	-1.097021	0.104448	-0.927340	0.483406	-0.783724	0.884724	1.368447	-0.707326	0.938004	
149	-1.032479	0.054807	-1.095668	0.105935	-0.914839	0.479818	-0.766469	0.879338	1.368550	-0.690437	1.855505	
150	-1.028258	0.057185	-1.092218	0.106237	-0.899635	0.474172	-0.773662	0.881304	1.367228	-0.681625	3.331599	
151	-1.022433	0.067264	-1.090226	0.111739	-0.887398	0.474025	-0.754834	0.879268	1.364417	-0.669576	0.297556	
152	-1.025675	0.065864	-1.086434	0.118338	-0.871125	0.473276	-0.727275	0.874677	1.364196	-0.654401	3.304229	
153	-1.027167	0.066720	-1.081610	0.126213	-0.851408	0.471722	-0.709126	0.873684	1.364012	-0.640178	0.817315	
154	-1.021395	0.067846	-1.072536	0.130601	-0.830983	0.468483	-0.700359	0.874329	1.364064	-0.627899	5.589496	
155	-1.027564	0.050590	-1.062759	0.130027	-0.811462	0.460798	-0.703582	0.872987	1.367195	-0.616872	1.492425	
156	-1.026974	0.048895	-1.050848	0.135824	-0.789569	0.458772	-0.693861	0.873754	1.370154	-0.605279	3.605108	
157	-1.015580	0.066669	-1.037497	0.148322	-0.763310	0.460383	-0.662119	0.874242	1.371792	-0.588412	0.073790	
158	-1.005734	0.078420	-1.022584	0.160065	-0.735851	0.460621	-0.641138	0.876195	1.373588	-0.574267	1.055668	
159	-0.996677	0.086288	-1.003736	0.170161	-0.706734	0.460427	-0.632275	0.880276	1.374459	-0.561618	2.174228	
160	-0.982044	0.097425	-0.985301	0.180588	-0.679190	0.461257	-0.612093	0.882264	1.374792	-0.544092	3.405700	
161	-0.967179	0.104712	-0.965396	0.187862	-0.654277	0.463082	-0.596474	0.885494	1.378389	-0.533371	1.145130	
162	-0.940979	0.112464	-0.942359	0.193456	-0.627319	0.464152	-0.591823	0.889063	1.383842	-0.526154	1.205550	
163	-0.916272	0.118989	-0.915101	0.200111	-0.596625	0.466802	-0.577785	0.892783	1.386118	-0.512872	2.609563	
164	-0.889075	0.130821	-0.887797	0.212053	-0.563527	0.471686	-0.559093	0.898065	1.386658	-0.497350	0.873643	
165	-0.853192	0.136432	-0.863286	0.218512	-0.535567	0.473708	-0.549852	0.899859	1.390982	-0.487757	1.616593	
166	-0.825089	0.140606	-0.841642	0.221594	-0.512703	0.474729	-0.526583	0.900875	1.394641	-0.474462	0.310560	
167	-0.814203	0.149168	-0.818038	0.228427	-0.488155	0.480500	-0.515262	0.906039	1.397766	-0.462668	0.778962	
168	-0.804261	0.149479	-0.793963	0.231013	-0.467163	0.487213	-0.527698	0.909293	1.398816	-0.456163	-0.222021	
169	-0.755219	0.152312	-0.765732	0.231437	-0.442870	0.492508	-0.518669	0.912116	1.401404	-0.446230	1.313723	
170	-0.722259	0.156355	-0.730167	0.236215	-0.410969	0.502050	-0.499655	0.919128	1.403401	-0.430298	-0.499415	
171	-0.691271	0.156190	-0.693746	0.237391	-0.381711	0.511570	-0.497397	0.921964	1.402973	-0.419257	1.731550	
172	-0.652371	0.148413	-0.663830	0.228914	-0.362789	0.515120	-0.501427	0.918331	1.403736	-0.412696	0.970075	
173	-0.612532	0.148767	-0.633379	0.226878	-0.343093	0.524008	-0.499915	0.920526	1.410170	-0.402260	1.330677	
174	-0.578222	0.149866	-0.603186	0.225887	-0.321853	0.531385	-0.491877	0.922413	1.413605	-0.391032	0.577988	
175	-0.557869	0.137015	-0.569565	0.217415	-0.303272	0.535866	-0.479504	0.924087	1.415660	-0.378065	2.186003	
176	-0.511056	0.130444	-0.539790	0.205662	-0.290044	0.537241	-0.470526	0.923526	1.414888	-0.368694	2.275947	
177	-0.470138	0.132407	-0.513293	0.200795	-0.275521	0.541020	-0.463003	0.923996	1.417513	-0.360527	-0.043764	
178	-0.431386	0.130281	-0.477750	0.195649	-0.256140	0.546119	-0.446567	0.927542	1.418402	-0.346473	0.693286	
179	-0.391967	0.128118	-0.442231	0.190441	-0.235963	0.550041	-0.427550	0.930850	1.416680	-0.328032	-0.636887	
180	-0.363210	0.118902	-0.408274	0.184556	-0.218725	0.553417	-0.419917	0.929295	1.418490	-0.319096	-0.106779	
181	-0.342404	0.095698	-0.371287	0.177857	-0.201630	0.555880	-0.406199	0.929801	1.419522	-0.307886	1.771221	
182	-0.289877	0.100000	-0.331128	0.169591	-0.184325	0.557175	-0.393390	0.928381	1.417792	-0.295271	0.840145	
183	-0.241117	0.102109	-0.296647	0.160970	-0.169337	0.555887	-0.382773	0.924328	1.414426	-0.284084	-0.286689	
184	-0.195866	0.103804	-0.257627	0.155728	-0.154077	0.557295	-0.364450	0.927803	1.416636	-0.270017	2.323129	
185	-0.141404	0.115505	-0.222868	0.145770	-0.141573	0.552565	-0.341807	0.928751	1.416230	-0.254756	2.174751	
186	-0.115190	0.094567	-0.185025	0.135489	-0.133336	0.547318	-0.323456	0.928739	1.415809	-0.243379	1.749954	
187	-0.067797	0.099020	-0.143672	0.127611	-0.129372	0.542236	-0.304979	0.930610	1.413149	-0.229146	2.783644	
188	0.015014	0.155010	-0.106982	0.124125	-0.119049	0.538711	-0.286815	0.930623	1.411571	-0.214951	-0.180111	
189	0.003676	0.105264	-0.073681	0.122491	-0.111539	0.535789	-0.277266	0.928625	1.412386	-0.204479	-0.243179	
190	0.039962	0.094928	-0.035715	0.118476	-0.107626	0.527500	-0.282455	0.916323	1.409669	-0.198666	3.285930	
191	0.077076	0.103921	-0.001680	0.119504	-0.100195	0.523063	-0.274905	0.911934	1.401195	-0.186864	-0.204558	
192	0.111134	0.118672	0.030400	0.124284	-0.092430	0.521047	-0.246670	0.918549	1.403752	-0.168707	-0.521156	
193	0.138934	0.126849	0.057903	0.128029	-0.083230	0.518534	-0.232027	0.918024	1.404869	-0.154848	0.536453	
194	0.166528	0.136159	0.085751	0.130630	-0.073767	0.513791	-0.221891	0.913458	1.401441	-0.142439	2.312331	
195	0.189953	0.145307	0.109330	0.134336	-0.063623	0.511556	-0.209829	0.911782	1.398029	-0.131603	0.875945	
196	0.208479	0.152113	0.128020	0.135576	-0.051113	0.510080	-0.200991	0.908915	1.396974	-0.119944	0.885393	
197	0.223934	0.147860	0.143983	0.133240	-0.039392	0.505880	-0.194469	0.902963	1.392100	-0.107316	0.471284	
198	0.234641	0.137453	0.153965	0.128598	-0.027656	0.502004	-0.194665	0.894314	1.387311	-0.098417	1.484869	
199	0.241401	0.132808	0.160397	0.123706	-0.012919	0.501056	-0.183864	0.891646	1.388559	-0.089119	3.222261	
200	0.247043	0.131610	0.165530	0.117696	0.001470	0.499173	-0.167653	0.890526	1.383012	-0.074604	2.463365	
201	0.253938	0.126832	0.171814	0.112660	0.015268	0.497269	-0.151833	0.889484	1.382171	-0.060715	27.027825	
202	0.259509	0.119770	0.176836	0.107384	0.025305	0.494009	-0.141582	0.886331	1.379426	-0.050264	88.171171	
203	0.267943	0.114303	0.184041	0.105720	0.039110	0.494961	-0.124151	0.888789	1.377680	-0.035695	195.567961	
204	0.277448	0.107429	0.193872	0.105102	0.052359	0.495656	-0.111133	0.889326	1.374349	-0.021280	252.175097	
205	0.288340	0.108389	0.202369	0.102778	0.067335	0.495607	-0.091693	0.890980	1.375936	-0.006502	256.681315	
206	0.290745	0.101130	0.205333	0.097745	0.081286	0.494191	-0.078377	0.889402	1.372556	0.004824	408.113123	
207	0.289004	0.087463	0.206696	0.094774	0.095049	0.494895	-0.069168	0.888188	1.370268	0.015621	543.156767	
208	0.292126	0.080414	0.210346	0.091654	0.107803	0.494204	-0.055030	0.887973	1.370224	0.028925	694.537585	
209	0.301999	0.088939	0.217511	0.092468	0.123395	0.497068	-0.044690	0.888652	1.372845	0.042446	785.908019	
210	0.309696	0.094346	0.225725	0.099093	0.142409	0.506023	-0.027482	0.896641	1.378498	0.053665	857.594838	
211	0.310431	0.090490	0.225030	0.097053	0.157541	0.506792	-0.002656	0.901316	1.380891	0.069810	884.526367	
212	0.305543	0.080817	0.222967	0.095141	0.164281	0.506208	0.007953	0.902294	1.380650	0.082244	890.844984	
213	0.299266	0.066457	0.222352	0.093524	0.168794	0.505358	0.012143	0.901281	1.379746	0.087176	891.674600	
214	0.300987	0.065073	0.224110	0.092735	0.187674	0.506236	0.031452	0.902237	1.383680	0.097795	917.470180	
215	0.302879	0.068664	0.225366	0.095142	0.201596	0.509447	0.059885	0.910600	1.387812	0.119437	960.737478	
216	0.302065	0.067358	0.225672	0.094398	0.209489	0.508995	0.076665	0.913032	1.390093	0.134212	1015.378063	
217	0.304603	0.068830	0.227621	0.093902	0.217913	0.508623	0.079804	0.910974	1.391780	0.144342	1066.011642	
218	0.310947	0.083580	0.226106	0.094664	0.227334	0.509492	0.091698	0.912616	1.392968	0.155715	1092.813058	
219	0.298334	0.067772	0.222451	0.096215	0.233923	0.510716	0.109542	0.917195	1.394498	0.167646	1115.494707	
220	0.301234	0.074837	0.223459	0.097775	0.239604	0.511824	0.110871	0.917158	1.397068	0.176609	1128.139440	
221	0.302535	0.063309	0.228200	0.094069	0.243643	0.507993	0.110852	0.912377	1.399629	0.182632	1123.657118	
222	0.301445	0.056187	0.229053	0.091909	0.247383	0.505812	0.132940	0.915667	1.396196	0.196186	1113.133533	
223	0.304540	0.063112	0.229243	0.090397	0.253064	0.503773	0.162958	0.919425	1.398226	0.210623	1095.974640	
224	0.306784	0.066572	0.229831	0.090061	0.257529	0.502240	0.193155	0.922432	1.406241	0.224403	1072.606483	
225	0.307177	0.065545	0.231425	0.092276	0.266137	0.504890	0.198656	0.923988	1.413299	0.237592	1044.076325	
226	0.307399	0.064784	0.230869	0.089655	0.272671	0.501993	0.170175	0.915006	1.415371	0.245855	1018.941414	
227	0.304367	0.057096	0.227853	0.084541	0.273832	0.496406	0.157013	0.906426	1.411199	0.253348	995.058618	
228	0.301374	0.057903	0.224716	0.087097	0.274278	0.498792	0.170527	0.912194	1.409021	0.265335	968.608813	
229	0.304419	0.067375	0.226505	0.092720	0.278627	0.504042	0.208405	0.923618	1.414434	0.280125	940.544165	
230	0.303062	0.057678	0.228813	0.092214	0.278406	0.503879	0.224623	0.925741	1.419589	0.292295	910.924397	
231	0.302870	0.049483	0.230053	0.088096	0.276113	0.499948	0.223387	0.922406	1.425136	0.298862	882.866440	
232	0.303969	0.057918	0.227940	0.088714	0.282934	0.499122	0.229640	0.921650	1.427395	0.309360	857.221082	
233	0.301844	0.060710	0.226266	0.091160	0.291044	0.499976	0.237068	0.922527	1.429386	0.323382	828.891918	
234	0.308253	0.065939	0.230747	0.091426	0.294821	0.500399	0.258669	0.924804	1.430728	0.337730	806.594549	
235	0.307324	0.066632	0.230710	0.095899	0.295337	0.505056	0.296319	0.930439	1.428056	0.349330	785.543183	
236	0.306180	0.066091	0.228890	0.095298	0.294138	0.504525	0.311689	0.929288	1.426972	0.362241	761.345773	
237	0.305081	0.058216	0.228912	0.089380	0.298678	0.497095	0.317335	0.922352	1.430710	0.377280	742.695690	
238	0.290444	0.006803	0.230347	0.091966	0.304072	0.497842	0.320762	0.923627	1.433709	0.389315	726.570357	
239	0.291422	0.042273	0.227687	0.097096	0.303681	0.503291	0.340181	0.927524	1.429940	0.395413	714.677176	
240	0.305378	0.067481	0.227793	0.097586	0.305516	0.504171	0.354220	0.926937	1.428863	0.406863	708.571983	
241	0.294425	0.051967	0.225648	0.097146	0.307633	0.502751	0.357560	0.925593	1.427474	0.420051	712.614272	
242	0.289648	0.048033	0.223612	0.099649	0.309751	0.504277	0.365278	0.926595	1.426280	0.430723	713.269499	
243	0.300419	0.068739	0.226157	0.102782	0.313000	0.507265	0.379704	0.927886	1.424819	0.441750	718.404161	
244	0.305452	0.069625	0.230607	0.102347	0.316894	0.507044	0.388230	0.926883	1.425452	0.454025	727.768332	
245	0.306805	0.063328	0.233777	0.099327	0.321865	0.503727	0.391944	0.923848	1.426255	0.465868	736.878268	
246	0.309131	0.066794	0.234358	0.099228	0.327186	0.502466	0.406753	0.920907	1.421681	0.476060	752.890981	
247	0.309045	0.069153	0.234525	0.101286	0.331692	0.503405	0.420308	0.919658	1.421270	0.489328	769.488562	
248	0.311080	0.068734	0.237545	0.102624	0.336224	0.504555	0.432740	0.918817	1.422197	0.504682	788.550646	
249	0.312860	0.068473	0.239227	0.102919	0.341291	0.504415	0.446787	0.916394	1.418509	0.516365	812.244267	
250	0.313877	0.070565	0.239185	0.103905	0.347535	0.503760	0.462263	0.913529	1.411684	0.526990	838.097271	
251	0.317468	0.076151	0.239898	0.105317	0.356215	0.502923	0.475265	0.911437	1.407764	0.537863	863.567734	
252	0.315887	0.073375	0.240726	0.105841	0.363865	0.501394	0.485302	0.909116	1.405870	0.549870	890.293667	
253	0.316571	0.072364	0.240787	0.104101	0.370349	0.497577	0.496323	0.904052	1.403745	0.562781	910.131189	
254	0.318550	0.074014	0.241501	0.104759	0.379363	0.495581	0.506215	0.901794	1.401481	0.576435	927.961042	
255	0.318123	0.074080	0.243299	0.107953	0.389218	0.495746	0.518977	0.901036	1.399096	0.590538	939.797218	
256	0.317832	0.071437	0.246155	0.109440	0.400278	0.493750	0.533479	0.898122	1.396652	0.603848	947.235818	
257	0.319982	0.071366	0.248740	0.110108	0.410389	0.491474	0.541939	0.896431	1.394106	0.615268	955.341936	
258	0.320076	0.071677	0.250202	0.112814	0.422203	0.489712	0.551027	0.895652	1.391836	0.627329	953.189237	
259	0.320911	0.072063	0.252774	0.115959	0.435917	0.487266	0.566270	0.892866	1.390841	0.640033	942.324848	
260	0.322245	0.076281	0.254631	0.121155	0.450048	0.486080	0.585071	0.890173	1.389839	0.654306	926.087994	
261	0.323427	0.075961	0.258519	0.124128	0.463220	0.484351	0.601058	0.887346	1.389219	0.664330	904.196033	
262	0.321636	0.069564	0.264471	0.127174	0.476454	0.483286	0.614681	0.886150	1.388331	0.676507	858.405755	
263	0.319589	0.066724	0.270379	0.132788	0.493842	0.481734	0.630866	0.885100	1.387380	0.689992	794.432327	
264	0.322615	0.072031	0.276706	0.139771	0.512329	0.480561	0.645649	0.885272	1.387079	0.702467	729.451460	
265	0.321996	0.070169	0.282174	0.144260	0.526924	0.478390	0.658149	0.883875	1.387623	0.716351	664.553500	
266	0.327176	0.076862	0.288626	0.150271	0.544146	0.475505	0.670624	0.882504	1.386384	0.725395	577.906926	
267	0.329233	0.078436	0.302779	0.159054	0.570698	0.474669	0.693376	0.882863	1.387764	0.741733	470.685296	
268	0.333632	0.085439	0.316548	0.169601	0.597829	0.473673	0.711251	0.884644	1.393413	0.763506	360.956521	
269	0.336952	0.089424	0.330933	0.177790	0.621583	0.472812	0.727281	0.885889	1.397309	0.777817	256.320770	
270	0.344202	0.094823	0.347721	0.184287	0.646424	0.471231	0.741353	0.886921	1.398583	0.788944	152.619960	
271	0.355285	0.102065	0.367428	0.190559	0.671912	0.471687	0.756687	0.889575	1.400249	0.801275	68.259111	
272	0.372724	0.112878	0.389248	0.198342	0.700355	0.472754	0.770737	0.893308	1.401961	0.814198	6.345407	
273	0.412524	0.125805	0.410708	0.207747	0.729458	0.473312	0.780794	0.896587	1.402769	0.823501	-0.933423	
274	0.449543	0.126174	0.432223	0.211893	0.753203	0.474921	0.793940	0.899335	1.403709	0.833953	1.878402	
275	0.467960	0.131501	0.451228	0.218925	0.777838	0.475282	0.810969	0.900382	1.401581	0.843852	0.393166	
276	0.484564	0.142831	0.472398	0.228951	0.805687	0.476232	0.826009	0.902110	1.402550	0.855134	1.549894	
277	0.495955	0.152205	0.494483	0.234596	0.830419	0.478176	0.841222	0.904377	1.406362	0.871626	1.776352	
278	0.535583	0.151983	0.518859	0.238239	0.855158	0.481611	0.854560	0.907986	1.412692	0.886235	-0.829445	
279	0.577689	0.157649	0.541587	0.246812	0.880930	0.486144	0.869421	0.912392	1.411819	0.895275	1.249737	
280	0.625360	0.163287	0.562779	0.252135	0.903234	0.489996	0.881741	0.915847	1.411510	0.905222	0.740544	
281	0.638581	0.165350	0.588176	0.250514	0.925520	0.492620	0.890886	0.917614	1.413117	0.916568	0.136849	
282	0.629677	0.169527	0.616030	0.249699	0.949257	0.496917	0.903870	0.920862	1.414379	0.929160	-0.077616	
283	0.660929	0.172764	0.647397	0.252644	0.978677	0.502695	0.917953	0.924735	1.416342	0.941201	0.299729	
284	0.693206	0.178830	0.678670	0.256042	1.007871	0.509200	0.926242	0.927703	1.419023	0.954486	2.739413	
285	0.721999	0.176564	0.709896	0.253396	1.032286	0.515166	0.934399	0.930138	1.420180	0.967644	0.247752	
286	0.774120	0.177202	0.752276	0.254825	1.065831	0.527302	0.940196	0.934636	1.421208	0.977861	-1.659690	
287	0.813676	0.174525	0.792931	0.253418	1.094287	0.539257	0.948129	0.939656	1.424084	0.990948	-1.049448	
288	0.829475	0.165078	0.822938	0.245489	1.111038	0.544735	0.958758	0.942830	1.428095	1.005316	-0.671606	
289	0.860411	0.153282	0.837840	0.229573	1.113087	0.540157	0.971988	0.942239	1.426041	1.011314	1.135295	
290	0.902849	0.150154	0.860830	0.219296	1.124579	0.539311	0.983226	0.941183	1.427281	1.023415	-0.029790	
291	0.937814	0.142514	0.902749	0.213818	1.148524	0.548044	0.993003	0.944612	1.432532	1.041083	0.266463	
292	0.980942	0.133715	0.937267	0.203861	1.164394	0.551296	1.004742	0.946336	1.430360	1.048937	-0.393326	
293	1.011478	0.123436	0.969483	0.191758	1.177108	0.551292	1.013193	0.944726	1.428239	1.058323	-0.525927	
294	1.055876	0.123182	1.002540	0.183206	1.191323	0.552885	1.030217	0.947623	1.428629	1.069231	-0.527165	
295	1.102545	0.128209	1.036361	0.177385	1.205738	0.555862	1.031053	0.944745	1.428228	1.080165	-0.667649	
296	1.139466	0.121838	1.070785	0.168706	1.217675	0.556610	1.047399	0.947464	1.428402	1.091046	-0.074819	
297	NaN	NaN	NaN	NaN	NaN	NaN	NaN	NaN	1.429481	1.102785	-0.202589	
298	NaN	NaN	NaN	NaN	NaN	NaN	NaN	NaN	1.426316	1.112969	-2.384144	
299	NaN	NaN	NaN	NaN	NaN	NaN	NaN	NaN	1.420115	1.123006	3.163920	
300	NaN	NaN	NaN	NaN	NaN	NaN	NaN	NaN	1.424062	1.137458	-1.032260	
301	NaN	NaN	NaN	NaN	NaN	NaN	NaN	NaN	1.426371	1.150097	-0.506635	
302	NaN	NaN	NaN	NaN	NaN	NaN	NaN	NaN	1.422695	1.159935	2.422905	
303	NaN	NaN	NaN	NaN	NaN	NaN	NaN	NaN	1.414984	1.169055	-0.384433	
304	NaN	NaN	NaN	NaN	NaN	NaN	NaN	NaN	1.410279	1.180322	-0.478924	
305	NaN	NaN	NaN	NaN	NaN	NaN	NaN	NaN	1.410244	1.193736	-0.625462	
306	NaN	NaN	NaN	NaN	NaN	NaN	NaN	NaN	1.412980	1.207809	-2.346133	
307	NaN	NaN	NaN	NaN	NaN	NaN	NaN	NaN	1.404103	1.217075	-0.642348	
308	NaN	NaN	NaN	NaN	NaN	NaN	NaN	NaN	1.402110	1.228204	1.577192	
309	NaN	NaN	NaN	NaN	NaN	NaN	NaN	NaN	1.406225	1.243183	-0.998274	
310	NaN	NaN	NaN	NaN	NaN	NaN	NaN	NaN	1.397423	1.251785	0.833735	
311	NaN	NaN	NaN	NaN	NaN	NaN	NaN	NaN	1.392726	1.262513	-0.280061	
312	NaN	NaN	NaN	NaN	NaN	NaN	NaN	NaN	1.397577	1.278518	-1.130553	
313	NaN	NaN	NaN	NaN	NaN	NaN	NaN	NaN	1.397491	1.292637	-0.082243	
314	NaN	NaN	NaN	NaN	NaN	NaN	NaN	NaN	1.392968	1.302100	-0.043314	
315	NaN	NaN	NaN	NaN	NaN	NaN	NaN	NaN	1.391012	1.314971	1.378392	
316	NaN	NaN	NaN	NaN	NaN	NaN	NaN	NaN	1.388554	1.326292	0.280648	
317	NaN	NaN	NaN	NaN	NaN	NaN	NaN	NaN	1.386890	1.334754	0.318811	
318	NaN	NaN	NaN	NaN	NaN	NaN	NaN	NaN	1.385735	1.347536	-1.823255	
319	NaN	NaN	NaN	NaN	NaN	NaN	NaN	NaN	1.382291	1.358630	-0.575801	
320	NaN	NaN	NaN	NaN	NaN	NaN	NaN	NaN	1.381572	1.370939	-0.405335	
321	NaN	NaN	NaN	NaN	NaN	NaN	NaN	NaN	1.381682	1.382725	-0.259023	
322	NaN	NaN	NaN	NaN	NaN	NaN	NaN	NaN	1.376385	1.393749	-1.280532	
323	NaN	NaN	NaN	NaN	NaN	NaN	NaN	NaN	1.378752	1.404482	0.453661	
324	NaN	NaN	NaN	NaN	NaN	NaN	NaN	NaN	1.385512	1.416445	0.329472	
325	NaN	NaN	NaN	NaN	NaN	NaN	NaN	NaN	1.388857	1.429099	-0.816541	
326	NaN	NaN	NaN	NaN	NaN	NaN	NaN	NaN	1.389417	1.442583	0.187471	
327	NaN	NaN	NaN	NaN	NaN	NaN	NaN	NaN	1.392297	1.452912	-0.435841	
328	NaN	NaN	NaN	NaN	NaN	NaN	NaN	NaN	1.395026	1.463784	-0.934233	
329	NaN	NaN	NaN	NaN	NaN	NaN	NaN	NaN	1.396291	1.472884	1.020474	
330	NaN	NaN	NaN	NaN	NaN	NaN	NaN	NaN	1.397574	1.484010	-1.853187	
331	NaN	NaN	NaN	NaN	NaN	NaN	NaN	NaN	1.399147	1.494930	-0.597696	
332	NaN	NaN	NaN	NaN	NaN	NaN	NaN	NaN	1.400933	1.509100	1.057309	
333	NaN	NaN	NaN	NaN	NaN	NaN	NaN	NaN	1.401339	1.518269	0.750660	
334	NaN	NaN	NaN	NaN	NaN	NaN	NaN	NaN	1.403290	1.529462	1.053357	
335	NaN	NaN	NaN	NaN	NaN	NaN	NaN	NaN	1.404840	1.540044	-0.161077	
336	NaN	NaN	NaN	NaN	NaN	NaN	NaN	NaN	NaN	NaN	-1.172112	
337	NaN	NaN	NaN	NaN	NaN	NaN	NaN	NaN	NaN	NaN	0.871049	
338	NaN	NaN	NaN	NaN	NaN	NaN	NaN	NaN	NaN	NaN	-1.097132	
339	NaN	NaN	NaN	NaN	NaN	NaN	NaN	NaN	NaN	NaN	-0.829148	
340	NaN	NaN	NaN	NaN	NaN	NaN	NaN	NaN	NaN	NaN	1.884248	
341	NaN	NaN	NaN	NaN	NaN	NaN	NaN	NaN	NaN	NaN	0.757839	
342	NaN	NaN	NaN	NaN	NaN	NaN	NaN	NaN	NaN	NaN	-2.031311	
343	NaN	NaN	NaN	NaN	NaN	NaN	NaN	NaN	NaN	NaN	1.111523	
344	NaN	NaN	NaN	NaN	NaN	NaN	NaN	NaN	NaN	NaN	1.162968	
345	NaN	NaN	NaN	NaN	NaN	NaN	NaN	NaN	NaN	NaN	0.287007	
346	NaN	NaN	NaN	NaN	NaN	NaN	NaN	NaN	NaN	NaN	0.740089	
347	NaN	NaN	NaN	NaN	NaN	NaN	NaN	NaN	NaN	NaN	1.969478	
348	NaN	NaN	NaN	NaN	NaN	NaN	NaN	NaN	NaN	NaN	0.457503	
349	NaN	NaN	NaN	NaN	NaN	NaN	NaN	NaN	NaN	NaN	1.300898	
350	NaN	NaN	NaN	NaN	NaN	NaN	NaN	NaN	NaN	NaN	0.099093	
351	NaN	NaN	NaN	NaN	NaN	NaN	NaN	NaN	NaN	NaN	-0.418590	
352	NaN	NaN	NaN	NaN	NaN	NaN	NaN	NaN	NaN	NaN	-0.379533	
353	NaN	NaN	NaN	NaN	NaN	NaN	NaN	NaN	NaN	NaN	-0.765361	
354	NaN	NaN	NaN	NaN	NaN	NaN	NaN	NaN	NaN	NaN	-0.286276	
355	NaN	NaN	NaN	NaN	NaN	NaN	NaN	NaN	NaN	NaN	1.270140	
356	NaN	NaN	NaN	NaN	NaN	NaN	NaN	NaN	NaN	NaN	-0.288067	
357	NaN	NaN	NaN	NaN	NaN	NaN	NaN	NaN	NaN	NaN	1.801391	
358	NaN	NaN	NaN	NaN	NaN	NaN	NaN	NaN	NaN	NaN	1.268352	
359	NaN	NaN	NaN	NaN	NaN	NaN	NaN	NaN	NaN	NaN	-0.229987	
360	NaN	NaN	NaN	NaN	NaN	NaN	NaN	NaN	NaN	NaN	1.655450	
361	NaN	NaN	NaN	NaN	NaN	NaN	NaN	NaN	NaN	NaN	0.609520	
362	NaN	NaN	NaN	NaN	NaN	NaN	NaN	NaN	NaN	NaN	1.555349	
363	NaN	NaN	NaN	NaN	NaN	NaN	NaN	NaN	NaN	NaN	1.195425	
364	NaN	NaN	NaN	NaN	NaN	NaN	NaN	NaN	NaN	NaN	1.204665	
365	NaN	NaN	NaN	NaN	NaN	NaN	NaN	NaN	NaN	NaN	0.736483	
366	NaN	NaN	NaN	NaN	NaN	NaN	NaN	NaN	NaN	NaN	0.928413	
367	NaN	NaN	NaN	NaN	NaN	NaN	NaN	NaN	NaN	NaN	0.174338	
368	NaN	NaN	NaN	NaN	NaN	NaN	NaN	NaN	NaN	NaN	0.953716	
369	NaN	NaN	NaN	NaN	NaN	NaN	NaN	NaN	NaN	NaN	-0.646801	
370	NaN	NaN	NaN	NaN	NaN	NaN	NaN	NaN	NaN	NaN	-0.066384	
371	NaN	NaN	NaN	NaN	NaN	NaN	NaN	NaN	NaN	NaN	0.540842	
372	NaN	NaN	NaN	NaN	NaN	NaN	NaN	NaN	NaN	NaN	1.490569	
373	NaN	NaN	NaN	NaN	NaN	NaN	NaN	NaN	NaN	NaN	3.409315	
374	NaN	NaN	NaN	NaN	NaN	NaN	NaN	NaN	NaN	NaN	-0.567728	
375	NaN	NaN	NaN	NaN	NaN	NaN	NaN	NaN	NaN	NaN	2.297489	
376	NaN	NaN	NaN	NaN	NaN	NaN	NaN	NaN	NaN	NaN	-0.557441	
377	NaN	NaN	NaN	NaN	NaN	NaN	NaN	NaN	NaN	NaN	2.352536	
378	NaN	NaN	NaN	NaN	NaN	NaN	NaN	NaN	NaN	NaN	0.198730	
379	NaN	NaN	NaN	NaN	NaN	NaN	NaN	NaN	NaN	NaN	-0.576277	
380	NaN	NaN	NaN	NaN	NaN	NaN	NaN	NaN	NaN	NaN	-0.770259	
381	NaN	NaN	NaN	NaN	NaN	NaN	NaN	NaN	NaN	NaN	1.589335	
382	NaN	NaN	NaN	NaN	NaN	NaN	NaN	NaN	NaN	NaN	0.353377	
383	NaN	NaN	NaN	NaN	NaN	NaN	NaN	NaN	NaN	NaN	-0.678939	
384	NaN	NaN	NaN	NaN	NaN	NaN	NaN	NaN	NaN	NaN	0.930471	
385	NaN	NaN	NaN	NaN	NaN	NaN	NaN	NaN	NaN	NaN	-0.697682	
386	NaN	NaN	NaN	NaN	NaN	NaN	NaN	NaN	NaN	NaN	-0.905613	
387	NaN	NaN	NaN	NaN	NaN	NaN	NaN	NaN	NaN	NaN	-1.452145	
388	NaN	NaN	NaN	NaN	NaN	NaN	NaN	NaN	NaN	NaN	-0.430547	
389	NaN	NaN	NaN	NaN	NaN	NaN	NaN	NaN	NaN	NaN	-0.333467	
390	NaN	NaN	NaN	NaN	NaN	NaN	NaN	NaN	NaN	NaN	1.771912	
391	NaN	NaN	NaN	NaN	NaN	NaN	NaN	NaN	NaN	NaN	-0.386097	
392	NaN	NaN	NaN	NaN	NaN	NaN	NaN	NaN	NaN	NaN	1.775344	
393	NaN	NaN	NaN	NaN	NaN	NaN	NaN	NaN	NaN	NaN	0.772230	
394	NaN	NaN	NaN	NaN	NaN	NaN	NaN	NaN	NaN	NaN	-0.215055	
395	NaN	NaN	NaN	NaN	NaN	NaN	NaN	NaN	NaN	NaN	1.009009	
396	NaN	NaN	NaN	NaN	NaN	NaN	NaN	NaN	NaN	NaN	0.484097	
397	NaN	NaN	NaN	NaN	NaN	NaN	NaN	NaN	NaN	NaN	0.443918	
398	NaN	NaN	NaN	NaN	NaN	NaN	NaN	NaN	NaN	NaN	0.484999	
399	NaN	NaN	NaN	NaN	NaN	NaN	NaN	NaN	NaN	NaN	NaN	
400	NaN	NaN	NaN	NaN	NaN	NaN	NaN	NaN	NaN	NaN	NaN	
