Testing	// User ID
7-2-2025	// Evaluation date
KJ_Walk_BW2	6-2-2025	11:56:47:935	// Source file name and timestamp
100.000	// Sampling rate
4.000	// Data capture period



Sample #	Right_Foot_COM_X	Right_Foot_COM_Y	RightAnklePosX	RightAnklePosY	RightKnee.Pos.X	RightKneePosY	RightHip_PosX	RightHipPosY	ThoraxCOMPosY	ThoraxCOMPosX	GRF_MoundY	
0	NaN	NaN	NaN	NaN	NaN	NaN	NaN	NaN	NaN	NaN	-0.710220	
1	NaN	NaN	NaN	NaN	NaN	NaN	NaN	NaN	NaN	NaN	-0.733140	
2	NaN	NaN	NaN	NaN	NaN	NaN	NaN	NaN	NaN	NaN	1.704576	
3	NaN	NaN	NaN	NaN	NaN	NaN	NaN	NaN	NaN	NaN	-0.773969	
4	NaN	NaN	NaN	NaN	NaN	NaN	NaN	NaN	NaN	NaN	1.066816	
5	NaN	NaN	NaN	NaN	NaN	NaN	NaN	NaN	NaN	NaN	-0.699161	
6	NaN	NaN	NaN	NaN	NaN	NaN	NaN	NaN	NaN	NaN	0.571984	
7	NaN	NaN	NaN	NaN	NaN	NaN	NaN	NaN	NaN	NaN	-0.154412	
8	NaN	NaN	NaN	NaN	NaN	NaN	NaN	NaN	NaN	NaN	-2.549284	
9	NaN	NaN	NaN	NaN	NaN	NaN	NaN	NaN	NaN	NaN	-0.158870	
10	NaN	NaN	NaN	NaN	NaN	NaN	NaN	NaN	NaN	NaN	-1.871594	
11	NaN	NaN	NaN	NaN	NaN	NaN	NaN	NaN	NaN	NaN	-0.135312	
12	NaN	NaN	NaN	NaN	NaN	NaN	NaN	NaN	NaN	NaN	-0.741055	
13	NaN	NaN	NaN	NaN	NaN	NaN	NaN	NaN	NaN	NaN	-1.839653	
14	NaN	NaN	NaN	NaN	NaN	NaN	NaN	NaN	NaN	NaN	0.505707	
15	NaN	NaN	NaN	NaN	NaN	NaN	NaN	NaN	NaN	NaN	-1.243449	
16	NaN	NaN	NaN	NaN	NaN	NaN	NaN	NaN	NaN	NaN	-1.386919	
17	NaN	NaN	NaN	NaN	NaN	NaN	NaN	NaN	NaN	NaN	-0.713609	
18	NaN	NaN	NaN	NaN	NaN	NaN	NaN	NaN	NaN	NaN	-0.643027	
19	NaN	NaN	NaN	NaN	NaN	NaN	NaN	NaN	NaN	NaN	0.486813	
20	NaN	NaN	NaN	NaN	NaN	NaN	NaN	NaN	NaN	NaN	-0.723361	
21	NaN	NaN	NaN	NaN	NaN	NaN	NaN	NaN	NaN	NaN	-1.334405	
22	NaN	NaN	NaN	NaN	NaN	NaN	NaN	NaN	NaN	NaN	1.094790	
23	NaN	NaN	NaN	NaN	NaN	NaN	NaN	NaN	NaN	NaN	-0.050810	
24	NaN	NaN	NaN	NaN	NaN	NaN	NaN	NaN	NaN	NaN	1.036881	
25	NaN	NaN	NaN	NaN	NaN	NaN	NaN	NaN	NaN	NaN	1.712641	
26	NaN	NaN	NaN	NaN	NaN	NaN	NaN	NaN	NaN	NaN	1.123522	
27	NaN	NaN	NaN	NaN	NaN	NaN	NaN	NaN	NaN	NaN	0.447042	
28	NaN	NaN	NaN	NaN	NaN	NaN	NaN	NaN	NaN	NaN	-0.745278	
29	NaN	NaN	NaN	NaN	NaN	NaN	NaN	NaN	NaN	NaN	0.437682	
30	NaN	NaN	NaN	NaN	NaN	NaN	NaN	NaN	NaN	NaN	-0.769148	
31	NaN	NaN	NaN	NaN	NaN	NaN	NaN	NaN	NaN	NaN	-0.779838	
32	NaN	NaN	NaN	NaN	NaN	NaN	NaN	NaN	NaN	NaN	1.784292	
33	NaN	NaN	NaN	NaN	NaN	NaN	NaN	NaN	NaN	NaN	0.521817	
34	NaN	NaN	NaN	NaN	NaN	NaN	NaN	NaN	NaN	NaN	2.301021	
35	NaN	NaN	NaN	NaN	NaN	NaN	NaN	NaN	NaN	NaN	-1.982681	
36	NaN	NaN	NaN	NaN	NaN	NaN	NaN	NaN	NaN	NaN	2.391589	
37	NaN	NaN	NaN	NaN	NaN	NaN	NaN	NaN	NaN	NaN	-1.335524	
38	NaN	NaN	NaN	NaN	NaN	NaN	NaN	NaN	NaN	NaN	-0.079586	
39	NaN	NaN	NaN	NaN	NaN	NaN	NaN	NaN	NaN	NaN	0.524031	
40	NaN	NaN	NaN	NaN	NaN	NaN	NaN	NaN	NaN	NaN	1.033298	
41	NaN	NaN	NaN	NaN	NaN	NaN	NaN	NaN	NaN	NaN	-0.115727	
42	NaN	NaN	NaN	NaN	NaN	NaN	NaN	NaN	NaN	NaN	-0.092444	
43	NaN	NaN	NaN	NaN	NaN	NaN	NaN	NaN	NaN	NaN	-1.938941	
44	NaN	NaN	NaN	NaN	NaN	NaN	NaN	NaN	NaN	NaN	-0.700787	
45	NaN	NaN	NaN	NaN	NaN	NaN	NaN	NaN	NaN	NaN	1.082713	
46	NaN	NaN	NaN	NaN	NaN	NaN	NaN	NaN	NaN	NaN	-0.129844	
47	NaN	NaN	NaN	NaN	NaN	NaN	NaN	NaN	NaN	NaN	-0.093363	
48	NaN	NaN	NaN	NaN	NaN	NaN	NaN	NaN	NaN	NaN	2.267375	
49	NaN	NaN	NaN	NaN	NaN	NaN	NaN	NaN	NaN	NaN	-1.401751	
50	NaN	NaN	NaN	NaN	NaN	NaN	NaN	NaN	NaN	NaN	-0.119662	
51	NaN	NaN	NaN	NaN	NaN	NaN	NaN	NaN	NaN	NaN	-0.168870	
52	NaN	NaN	NaN	NaN	NaN	NaN	NaN	NaN	NaN	NaN	2.229491	
53	NaN	NaN	NaN	NaN	NaN	NaN	NaN	NaN	NaN	NaN	-0.143999	
54	NaN	NaN	NaN	NaN	NaN	NaN	NaN	NaN	NaN	NaN	0.470390	
55	NaN	NaN	NaN	NaN	NaN	NaN	NaN	NaN	NaN	NaN	0.470294	
56	NaN	NaN	NaN	NaN	NaN	NaN	NaN	NaN	NaN	NaN	1.101536	
57	NaN	NaN	NaN	NaN	NaN	NaN	NaN	NaN	NaN	NaN	-0.745629	
58	NaN	NaN	NaN	NaN	NaN	NaN	NaN	NaN	NaN	NaN	0.478489	
59	NaN	NaN	NaN	NaN	NaN	NaN	NaN	NaN	NaN	NaN	1.134690	
60	NaN	NaN	NaN	NaN	NaN	NaN	NaN	NaN	NaN	NaN	0.488401	
61	NaN	NaN	NaN	NaN	NaN	NaN	NaN	NaN	NaN	NaN	-0.108806	
62	NaN	NaN	NaN	NaN	NaN	NaN	NaN	NaN	NaN	NaN	1.701964	
63	NaN	NaN	NaN	NaN	NaN	NaN	NaN	NaN	NaN	NaN	-1.290375	
64	NaN	NaN	NaN	NaN	NaN	NaN	NaN	NaN	NaN	NaN	-0.136692	
65	NaN	NaN	NaN	NaN	NaN	NaN	NaN	NaN	NaN	NaN	-1.395875	
66	NaN	NaN	NaN	NaN	NaN	NaN	NaN	NaN	NaN	NaN	-1.359845	
67	NaN	NaN	NaN	NaN	NaN	NaN	NaN	NaN	NaN	NaN	-0.113211	
68	NaN	NaN	NaN	NaN	NaN	NaN	NaN	NaN	NaN	NaN	0.518926	
69	NaN	NaN	NaN	NaN	NaN	NaN	NaN	NaN	NaN	NaN	-1.377919	
70	NaN	NaN	NaN	NaN	NaN	NaN	NaN	NaN	NaN	NaN	-0.168131	
71	NaN	NaN	NaN	NaN	NaN	NaN	NaN	NaN	NaN	NaN	0.479659	
72	NaN	NaN	NaN	NaN	NaN	NaN	NaN	NaN	NaN	NaN	2.336479	
73	NaN	NaN	NaN	NaN	NaN	NaN	NaN	NaN	NaN	NaN	2.388721	
74	NaN	NaN	NaN	NaN	NaN	NaN	NaN	NaN	NaN	NaN	-0.668581	
75	NaN	NaN	NaN	NaN	NaN	NaN	NaN	NaN	NaN	NaN	-0.704920	
76	NaN	NaN	NaN	NaN	NaN	NaN	NaN	NaN	NaN	NaN	-1.359435	
77	NaN	NaN	NaN	NaN	NaN	NaN	NaN	NaN	NaN	NaN	0.513462	
78	NaN	NaN	NaN	NaN	NaN	NaN	NaN	NaN	NaN	NaN	2.362770	
79	NaN	NaN	NaN	NaN	NaN	NaN	NaN	NaN	NaN	NaN	1.094314	
80	NaN	NaN	NaN	NaN	NaN	NaN	NaN	NaN	NaN	NaN	1.101482	
81	NaN	NaN	NaN	NaN	NaN	NaN	NaN	NaN	NaN	NaN	1.728979	
82	NaN	NaN	NaN	NaN	NaN	NaN	NaN	NaN	NaN	NaN	1.082024	
83	-1.146250	0.123665	-1.227254	0.131575	-1.326980	0.534211	-1.413649	0.936420	1.406045	-1.365120	1.062901	
84	-1.123605	0.104928	-1.202960	0.127116	-1.332049	0.520392	-1.426537	0.920908	1.410675	-1.363135	0.540149	
85	-1.114278	0.105030	-1.192872	0.125919	-1.320516	0.520179	-1.415418	0.920533	1.405331	-1.359455	0.535864	
86	-1.097782	0.105654	-1.177042	0.122881	-1.312992	0.514177	-1.415982	0.912526	1.398856	-1.355630	0.417233	
87	-1.083760	0.105744	-1.163765	0.119392	-1.305613	0.508470	-1.413728	0.905465	1.392974	-1.351368	3.533108	
88	-1.070361	0.101540	-1.150264	0.116527	-1.295717	0.504346	-1.409542	0.899784	1.385163	-1.346200	-0.151681	
89	-1.055317	0.117167	-1.139837	0.114892	-1.287515	0.501615	-1.401941	0.896809	1.376508	-1.340117	-0.740745	
90	-1.048241	0.093278	-1.129122	0.110419	-1.276675	0.496187	-1.388856	0.892070	1.372290	-1.332990	-0.101383	
91	-1.043800	0.083752	-1.123876	0.104375	-1.267357	0.491801	-1.375526	0.888813	1.368939	-1.324873	-0.685770	
92	-1.037518	0.095142	-1.121423	0.104659	-1.259602	0.494991	-1.364038	0.892955	1.365183	-1.315189	1.684354	
93	-1.030132	0.098294	-1.116924	0.103829	-1.250197	0.495874	-1.350183	0.894926	1.363984	-1.305291	1.083212	
94	-1.029076	0.088056	-1.112375	0.102937	-1.240621	0.496698	-1.335127	0.896981	1.363765	-1.294012	0.486509	
95	-1.025185	0.087860	-1.109794	0.102305	-1.231249	0.498350	-1.322643	0.899335	1.364165	-1.282452	-0.166339	
96	-1.022038	0.084290	-1.107052	0.097333	-1.217427	0.496618	-1.305181	0.898466	1.363461	-1.271322	-1.393585	
97	-1.018796	0.081845	-1.104708	0.091903	-1.203274	0.494373	-1.289206	0.896657	1.362820	-1.259636	1.148357	
98	-1.019389	0.071757	-1.102139	0.088212	-1.191907	0.493035	-1.281209	0.894527	1.361887	-1.248332	1.119310	
99	-1.020514	0.063579	-1.100103	0.085977	-1.179625	0.492999	-1.270840	0.894069	1.362717	-1.236639	1.703607	
100	-1.020975	0.056463	-1.098182	0.083721	-1.166848	0.492757	-1.258925	0.893657	1.362974	-1.224840	-0.137525	
101	-1.021921	0.047534	-1.096055	0.081959	-1.154989	0.492559	-1.249451	0.892907	1.363227	-1.214678	-1.326951	
102	-1.022738	0.037431	-1.093979	0.080946	-1.144476	0.492678	-1.238326	0.893154	1.364968	-1.206326	1.113065	
103	-1.022571	0.030479	-1.091648	0.080541	-1.133463	0.493232	-1.228830	0.893269	1.366220	-1.199628	1.084785	
104	-1.022409	0.022667	-1.088801	0.080896	-1.123702	0.494166	-1.219107	0.894082	1.367592	-1.194122	-0.117132	
105	-1.021507	0.022368	-1.087230	0.081285	-1.114516	0.495038	-1.209259	0.894952	1.369447	-1.190317	-1.361356	
106	-1.021079	0.021644	-1.085339	0.082219	-1.106701	0.496201	-1.199163	0.896369	1.371958	-1.187884	0.476074	
107	-1.020751	0.022447	-1.084118	0.083179	-1.099418	0.497308	-1.190376	0.897460	1.374555	-1.185819	-1.281312	
108	-1.020639	0.022425	-1.083128	0.084117	-1.093440	0.498306	-1.180827	0.898784	1.377136	-1.184480	-1.327362	
109	-1.020363	0.025878	-1.083258	0.084912	-1.088252	0.499131	-1.171599	0.899971	1.380356	-1.183579	-0.121287	
110	-1.020189	0.028370	-1.084283	0.085366	-1.083926	0.499677	-1.163027	0.900835	1.383159	-1.181616	1.052942	
111	-1.021058	0.026937	-1.085102	0.086206	-1.080541	0.500559	-1.165039	0.899285	1.386245	-1.178794	-0.094407	
112	-1.021339	0.029577	-1.087187	0.086568	-1.078093	0.500986	-1.156463	0.900386	1.388921	-1.174761	-0.143724	
113	-1.022036	0.029117	-1.089679	0.086252	-1.076702	0.500752	-1.146822	0.901420	1.391816	-1.169723	1.096696	
114	-1.022559	0.034388	-1.093002	0.086161	-1.075304	0.500598	-1.137781	0.902294	1.394429	-1.163671	0.533420	
115	-1.023548	0.031971	-1.094397	0.085688	-1.074202	0.500004	-1.117713	0.905325	1.395596	-1.156644	1.165592	
116	-1.024133	0.029922	-1.095535	0.084656	-1.072922	0.498724	-1.106732	0.905301	1.397327	-1.147347	0.455948	
117	-1.024970	0.039348	-1.097753	0.084677	-1.070870	0.498361	-1.095178	0.906043	1.398024	-1.136344	2.260326	
118	-1.025980	0.048145	-1.099726	0.086384	-1.067676	0.499597	-1.081668	0.908234	1.398144	-1.122964	-1.996226	
119	-1.023952	0.061013	-1.101314	0.087914	-1.061977	0.500156	-1.074203	0.908745	1.398420	-1.107675	-0.155637	
120	-1.025910	0.037039	-1.098824	0.092803	-1.058073	0.505546	-1.052081	0.915515	1.396938	-1.089460	-0.776510	
121	-1.026533	0.030403	-1.099321	0.096165	-1.053398	0.508420	-1.040620	0.918702	1.395727	-1.071199	-0.033891	
122	-1.030904	0.060591	-1.106844	0.099119	-1.045701	0.509407	-1.027134	0.919883	1.395407	-1.051404	-0.709812	
123	-1.029534	0.079526	-1.104837	0.110927	-1.032953	0.518027	-1.004971	0.928492	1.393897	-1.026845	1.095671	
124	-1.035988	0.074054	-1.096581	0.115161	-1.030577	0.519758	-0.994377	0.929678	1.392112	-1.006615	-1.312323	
125	-1.030761	0.083484	-1.103231	0.109428	-1.030652	0.514352	-0.990614	0.923912	1.391029	-0.988628	-0.715870	
126	-1.030164	0.082000	-1.104684	0.104092	-1.024771	0.508739	-0.989575	0.918720	1.388743	-0.970258	0.525955	
127	-1.025116	0.089144	-1.106766	0.101838	-1.022130	0.506351	-0.984854	0.916156	1.388884	-0.955025	-0.747304	
128	-1.036740	0.059927	-1.105210	0.099873	-1.026671	0.506006	-0.970597	0.913677	1.390694	-0.940723	-1.370193	
129	-1.039966	0.007827	-1.095130	0.093528	-1.030100	0.502604	-0.965071	0.908950	1.391456	-0.925215	2.330954	
130	-1.034803	-0.000632	-1.091297	0.090780	-1.027709	0.500401	-0.942641	0.903021	1.397253	-0.908936	0.519430	
131	-1.034860	0.024680	-1.093161	0.095092	-1.022141	0.503284	-0.923376	0.902773	1.399278	-0.894620	-0.102534	
132	-1.040204	0.006183	-1.091544	0.096773	-1.019182	0.504425	-0.920441	0.903920	1.399779	-0.882537	-0.149855	
133	-1.033941	0.026024	-1.093315	0.101456	-1.016717	0.508401	-0.907774	0.905215	1.400002	-0.870842	1.145553	
134	-1.026580	0.051449	-1.095539	0.101012	-1.014713	0.507234	-0.899020	0.902114	1.398708	-0.860136	-0.082450	
135	-1.022307	0.063581	-1.095959	0.100814	-1.010509	0.506220	-0.888507	0.899236	1.395902	-0.850486	1.619344	
136	-1.021848	0.060528	-1.094979	0.098658	-1.008306	0.503895	-0.883019	0.895876	1.393892	-0.839052	1.088887	
137	-1.025828	0.057100	-1.095896	0.100619	-1.003315	0.504215	-0.873352	0.894670	1.391964	-0.826664	-0.712703	
138	-1.029650	0.058005	-1.099721	0.101500	-0.999333	0.503274	-0.856758	0.889300	1.388795	-0.814430	1.124132	
139	-1.036119	0.040541	-1.097569	0.103209	-0.985028	0.502305	-0.838432	0.886699	1.384656	-0.803847	0.365297	
140	-1.013226	0.074326	-1.093112	0.102047	-0.976198	0.500029	-0.827287	0.883367	1.381844	-0.792092	-0.081598	
141	-1.016484	0.063547	-1.090142	0.100283	-0.969901	0.497155	-0.816603	0.878843	1.380060	-0.778612	0.534183	
142	-1.021031	0.058370	-1.089051	0.104154	-0.959615	0.498238	-0.801787	0.878047	1.378197	-0.765865	-0.102369	
143	-1.024848	0.049008	-1.087303	0.104972	-0.950201	0.496468	-0.794879	0.877355	1.377144	-0.753105	-1.314895	
144	-1.024917	0.042575	-1.083330	0.105247	-0.944016	0.495861	-0.786843	0.876136	1.375137	-0.739476	-1.333567	
145	-1.014138	0.054911	-1.077383	0.106556	-0.927685	0.493402	-0.773152	0.874692	1.372794	-0.726392	0.480743	
146	-1.013493	0.055960	-1.075982	0.108590	-0.911766	0.489434	-0.762008	0.872698	1.370553	-0.712637	1.030475	
147	-1.016123	0.052194	-1.076155	0.108802	-0.913326	0.490166	-0.756175	0.870489	1.369632	-0.700340	0.418799	
148	-1.016942	0.050862	-1.075487	0.109189	-0.910475	0.489663	-0.748353	0.867859	1.369389	-0.689867	1.690581	
149	-1.014281	0.058633	-1.074594	0.113478	-0.897291	0.488419	-0.735115	0.866584	1.368530	-0.677626	1.686559	
150	-1.015082	0.055232	-1.071106	0.116604	-0.881305	0.485425	-0.720886	0.864373	1.367679	-0.664544	-0.731071	
151	-1.009610	0.062258	-1.065341	0.122347	-0.854915	0.479828	-0.700739	0.861372	1.365492	-0.649250	1.073038	
152	-1.003830	0.069829	-1.061150	0.126956	-0.836355	0.475585	-0.689986	0.860176	1.365550	-0.635762	1.746664	
153	-1.010533	0.058239	-1.056703	0.127564	-0.822594	0.469983	-0.679241	0.855711	1.367495	-0.624117	1.740822	
154	-1.013457	0.046706	-1.048073	0.128381	-0.805549	0.464917	-0.661779	0.850503	1.367735	-0.610293	2.990030	
155	-1.004612	0.068063	-1.042719	0.142203	-0.787366	0.469072	-0.648985	0.856625	1.369180	-0.600514	1.679378	
156	-1.000827	0.073866	-1.031981	0.151061	-0.772714	0.474812	-0.632451	0.861660	1.371641	-0.588642	-0.117871	
157	-0.995579	0.071021	-1.015348	0.153656	-0.744586	0.467918	-0.612042	0.857270	1.373783	-0.570596	1.681550	
158	-0.984946	0.078832	-1.000588	0.160629	-0.716381	0.462765	-0.595385	0.855391	1.376352	-0.555452	1.707807	
159	-0.972932	0.088580	-0.984653	0.169875	-0.694159	0.465985	-0.582452	0.861178	1.377165	-0.546965	1.761102	
160	-0.960139	0.096197	-0.967832	0.177753	-0.670380	0.466885	-0.570962	0.865437	1.379545	-0.540451	-0.745308	
161	-0.941956	0.102618	-0.946075	0.183452	-0.641634	0.465213	-0.567198	0.869161	1.383659	-0.529955	4.139579	
162	-0.916943	0.111967	-0.922931	0.192009	-0.611849	0.466409	-0.558921	0.873844	1.387410	-0.518490	1.778115	
163	-0.902809	0.121879	-0.904318	0.202777	-0.585256	0.467798	-0.538527	0.876041	1.388937	-0.503944	-0.079598	
164	-0.913392	0.127800	-0.881736	0.210353	-0.558107	0.469771	-0.517584	0.878732	1.389838	-0.486054	2.375090	
165	-0.916879	0.126459	-0.856830	0.214322	-0.532092	0.472342	-0.507869	0.882491	1.394620	-0.472915	1.693746	
166	-0.888010	0.135995	-0.837819	0.223438	-0.506865	0.473339	-0.500614	0.884213	1.398370	-0.465001	2.356169	
167	-0.836319	0.150479	-0.816452	0.232798	-0.482327	0.478613	-0.481183	0.889453	1.398721	-0.453500	-0.177720	
168	-0.818658	0.147568	-0.791639	0.230980	-0.460694	0.481079	-0.465341	0.892003	1.399522	-0.440771	3.546122	
169	-0.770273	0.151878	-0.769016	0.232445	-0.438970	0.483725	-0.460380	0.894270	1.401389	-0.433813	4.086070	
170	-0.744059	0.156595	-0.744209	0.237328	-0.415969	0.490951	-0.455785	0.899986	1.404351	-0.428111	1.048117	
171	-0.711723	0.158992	-0.711351	0.239676	-0.388254	0.499833	-0.443982	0.907077	1.405905	-0.417605	1.050350	
172	-0.675279	0.162029	-0.683943	0.241840	-0.361981	0.503281	-0.435725	0.907813	1.408865	-0.406672	1.661953	
173	-0.634774	0.159236	-0.654922	0.237548	-0.341673	0.509187	-0.427672	0.911276	1.412095	-0.395946	1.108196	
174	-0.619592	0.148748	-0.621939	0.230143	-0.323383	0.517824	-0.430143	0.914929	1.414668	-0.384095	1.635422	
175	-0.584599	0.145732	-0.593576	0.225521	-0.306193	0.524436	-0.433272	0.915550	1.416329	-0.373063	1.099625	
176	-0.454859	0.154052	-0.565904	0.222482	-0.285899	0.528404	-0.422042	0.916492	1.416870	-0.361457	2.943605	
177	-0.481773	0.146893	-0.536138	0.212380	-0.270281	0.530786	-0.403794	0.919676	1.418730	-0.350134	1.040487	
178	-0.486468	0.122950	-0.506680	0.201696	-0.257035	0.532982	-0.396737	0.919555	1.420335	-0.340513	1.724441	
179	-0.452554	0.117141	-0.473065	0.197961	-0.234727	0.537469	-0.379340	0.922299	1.421975	-0.326134	1.012101	
180	-0.389380	0.134935	-0.435584	0.200857	-0.205369	0.545843	-0.342783	0.933435	1.423839	-0.308561	1.101658	
181	-0.351090	0.133838	-0.404585	0.194710	-0.190226	0.549798	-0.331115	0.936200	1.425056	-0.296902	2.960216	
182	-0.330165	0.114274	-0.373315	0.183083	-0.182925	0.551614	-0.343712	0.930061	1.423055	-0.287172	3.563959	
183	-0.280965	0.109278	-0.331843	0.172075	-0.169622	0.553830	-0.340296	0.927550	1.420420	-0.276816	1.110212	
184	-0.235375	0.114077	-0.296438	0.167964	-0.152974	0.556958	-0.323730	0.930468	1.419144	-0.265065	0.421517	
185	-0.210289	0.102507	-0.265430	0.161512	-0.139619	0.556459	-0.309168	0.930686	1.419785	-0.254115	1.044531	
186	-0.160102	0.101674	-0.225797	0.150590	-0.130700	0.554286	-0.304773	0.926858	1.423554	-0.247317	1.697069	
187	-0.104119	0.115287	-0.189969	0.143975	-0.121959	0.553171	-0.295347	0.926088	1.423145	-0.236460	2.399335	
188	-0.055723	0.125256	-0.154878	0.136583	-0.113774	0.549348	-0.280708	0.925016	1.418680	-0.220915	1.144793	
189	-0.030595	0.104910	-0.114737	0.126471	-0.105819	0.541183	-0.260807	0.922025	1.416344	-0.206239	1.663197	
190	-0.000755	0.096233	-0.078983	0.122667	-0.097379	0.537072	-0.244033	0.921384	1.415737	-0.194579	1.637154	
191	0.033855	0.090167	-0.043096	0.117249	-0.089234	0.529485	-0.233045	0.914922	1.414832	-0.182189	1.718385	
192	0.072334	0.101964	-0.008325	0.118504	-0.081937	0.526734	-0.218559	0.914845	1.413309	-0.171243	0.445247	
193	0.110551	0.120427	0.025412	0.122578	-0.075421	0.524905	-0.210503	0.913594	1.410481	-0.159603	-0.724538	
194	0.138376	0.119880	0.056005	0.126500	-0.066934	0.522592	-0.207106	0.909465	1.408790	-0.147517	3.616396	
195	0.166536	0.127716	0.083541	0.130498	-0.057624	0.520478	-0.193842	0.908788	1.408143	-0.134829	2.913252	
196	0.194154	0.133174	0.112413	0.135879	-0.050172	0.517451	-0.178108	0.908576	1.405392	-0.123215	1.160368	
197	0.213944	0.140971	0.131662	0.135322	-0.038812	0.513380	-0.174107	0.902014	1.401881	-0.113379	2.884001	
198	0.230386	0.146443	0.147926	0.134291	-0.027204	0.510214	-0.166340	0.897458	1.399686	-0.102207	1.616378	
199	0.244613	0.149952	0.162328	0.134883	-0.014936	0.509868	-0.156750	0.896122	1.397662	-0.088801	1.129910	
200	0.256767	0.152512	0.173594	0.133669	-0.002623	0.509161	-0.144391	0.895381	1.394701	-0.075528	1.687009	
201	0.265950	0.139052	0.182918	0.128419	0.010415	0.505632	-0.129611	0.892343	1.393436	-0.064621	16.938157	
202	0.273257	0.130589	0.189880	0.120917	0.024755	0.501447	-0.121815	0.885790	1.391017	-0.058130	49.109453	
203	0.281428	0.128604	0.195869	0.116441	0.037390	0.499771	-0.110277	0.883828	1.381630	-0.046655	136.313967	
204	0.287510	0.123436	0.201702	0.113332	0.051239	0.499867	-0.096303	0.883889	1.379007	-0.029874	231.621610	
205	0.294022	0.112807	0.210174	0.113080	0.064724	0.501551	-0.077114	0.887362	1.382658	-0.014376	267.724254	
206	0.300160	0.105449	0.216970	0.110776	0.079248	0.502064	-0.056570	0.889964	1.382592	-0.002247	354.245375	
207	0.307427	0.103534	0.222768	0.108219	0.096530	0.503353	-0.043220	0.889831	1.381794	0.010770	499.281417	
208	0.314832	0.101210	0.227850	0.104430	0.103560	0.500169	-0.032725	0.887991	1.379654	0.022425	665.321835	
209	0.320876	0.095257	0.232663	0.100001	0.112465	0.497013	-0.028038	0.883585	1.374687	0.030046	800.236996	
210	0.321424	0.088599	0.235902	0.100044	0.126518	0.500170	-0.011908	0.887304	1.375305	0.043396	873.660423	
211	0.324804	0.089674	0.239165	0.101425	0.142996	0.504875	0.015373	0.895330	1.381313	0.059885	926.299138	
212	0.323900	0.079117	0.241824	0.098337	0.157181	0.504213	0.031583	0.895561	1.382742	0.072893	920.394016	
213	0.323272	0.075496	0.241240	0.095213	0.170504	0.503569	0.036858	0.892509	1.381211	0.083864	908.113568	
214	0.325932	0.079152	0.241615	0.095717	0.182580	0.505926	0.053800	0.896355	1.383838	0.094469	912.961968	
215	0.326500	0.080278	0.241899	0.096456	0.192341	0.507966	0.065340	0.898900	1.384452	0.104587	943.336979	
216	0.329687	0.087115	0.241378	0.098626	0.200221	0.510912	0.074362	0.902194	1.387660	0.116191	986.715505	
217	0.326934	0.083193	0.240696	0.097901	0.205726	0.510646	0.074983	0.900593	1.387965	0.125539	1025.171961	
218	0.326117	0.079419	0.242187	0.097659	0.214534	0.510929	0.080341	0.899821	1.388631	0.135184	1048.455231	
219	0.328934	0.081648	0.243216	0.097140	0.222503	0.510874	0.094564	0.901799	1.390278	0.146897	1053.972255	
220	0.333371	0.090005	0.242976	0.100240	0.232810	0.514447	0.112811	0.907640	1.395382	0.159728	1052.723950	
221	0.334533	0.093477	0.241418	0.100908	0.245632	0.515547	0.123477	0.907885	1.403188	0.171219	1043.666763	
222	0.330944	0.083266	0.243142	0.096627	0.242565	0.511181	0.125298	0.905285	1.401939	0.180822	1028.360345	
223	0.325233	0.072676	0.243780	0.095379	0.241625	0.509538	0.136910	0.907174	1.401410	0.194508	1005.791675	
224	0.324116	0.070907	0.246219	0.099395	0.253484	0.513290	0.159451	0.913066	1.407878	0.211433	987.410925	
225	0.332694	0.082832	0.249334	0.101587	0.256164	0.515055	0.173915	0.917264	1.411733	0.224795	968.579614	
226	0.326806	0.075729	0.246102	0.099258	0.253330	0.512885	0.181548	0.917136	1.412566	0.234387	949.716717	
227	0.318981	0.073416	0.239935	0.097729	0.259734	0.511066	0.198351	0.916776	1.416286	0.245344	930.099247	
228	0.322497	0.071025	0.244983	0.096409	0.265361	0.509398	0.228006	0.917921	1.420910	0.259400	908.747166	
229	0.327355	0.075163	0.247682	0.096067	0.267432	0.508528	0.236818	0.918000	1.421849	0.270254	895.323164	
230	0.325770	0.073113	0.242975	0.091242	0.266400	0.503973	0.215802	0.912017	1.420795	0.276130	878.254985	
231	0.327792	0.080743	0.239623	0.090010	0.267932	0.503390	0.211936	0.910817	1.419733	0.286060	861.069378	
232	0.325402	0.074962	0.241749	0.092693	0.272579	0.505985	0.224053	0.914224	1.424251	0.297605	850.125058	
233	0.329123	0.075582	0.246947	0.097210	0.276178	0.509808	0.244954	0.919768	1.428172	0.310134	835.981698	
234	0.327364	0.072121	0.248196	0.098786	0.281878	0.510270	0.273554	0.921360	1.429653	0.325583	820.241791	
235	0.327541	0.070529	0.248130	0.097517	0.285669	0.508860	0.281121	0.920163	1.426605	0.336537	808.017709	
236	0.327925	0.066897	0.250103	0.096287	0.292109	0.507079	0.292270	0.918526	1.423167	0.348371	793.287424	
237	0.324009	0.065308	0.247454	0.094655	0.296118	0.504428	0.308593	0.915688	1.426659	0.359178	786.080590	
238	0.313929	0.049223	0.243263	0.093795	0.285366	0.504790	0.308117	0.915500	1.432066	0.365724	784.103746	
239	0.317201	0.054119	0.244211	0.092747	0.286803	0.504135	0.313182	0.914601	1.432758	0.376606	780.538742	
240	0.322124	0.057851	0.247175	0.092169	0.300799	0.501888	0.326128	0.912590	1.431034	0.390828	781.089604	
241	0.321550	0.058462	0.247199	0.092078	0.306773	0.500752	0.348079	0.910158	1.427251	0.405174	783.544785	
242	0.316924	0.049340	0.246293	0.092796	0.310420	0.500543	0.364058	0.908491	1.427169	0.416488	790.889237	
243	0.320089	0.065182	0.245131	0.099619	0.313383	0.506733	0.382822	0.912254	1.424592	0.427636	796.997709	
244	0.326319	0.076247	0.245805	0.102797	0.316153	0.509761	0.388096	0.914864	1.422389	0.437677	802.473194	
245	0.318967	0.070078	0.243465	0.103553	0.322336	0.508612	0.389125	0.914629	1.420998	0.447567	812.302395	
246	0.317438	0.067769	0.243312	0.103228	0.325192	0.508040	0.399395	0.912601	1.420755	0.459020	825.017940	
247	0.325373	0.075289	0.246553	0.101805	0.326276	0.507783	0.417301	0.908555	1.418409	0.472943	836.567165	
248	0.327449	0.071435	0.249851	0.100310	0.330600	0.506234	0.419842	0.906943	1.418360	0.483407	846.943428	
249	0.327698	0.071540	0.251057	0.101989	0.337283	0.506609	0.425128	0.907855	1.416975	0.495278	861.641934	
250	0.332688	0.080357	0.251693	0.104643	0.345558	0.507179	0.439115	0.907560	1.413942	0.510387	873.880085	
251	0.331078	0.073255	0.254034	0.103101	0.353283	0.504219	0.447008	0.904467	1.411509	0.518859	884.211072	
252	0.330652	0.071723	0.253861	0.101954	0.360719	0.501071	0.459294	0.900359	1.406969	0.527124	889.776621	
253	0.330557	0.071592	0.254995	0.104165	0.372144	0.500375	0.474504	0.898740	1.405633	0.538418	887.938806	
254	0.329127	0.064330	0.257792	0.103831	0.381721	0.498106	0.484227	0.896271	1.405474	0.550093	884.296252	
255	0.329846	0.065761	0.257898	0.104699	0.390102	0.496395	0.499358	0.892973	1.400981	0.562385	876.921087	
256	0.331544	0.068907	0.258787	0.106741	0.400289	0.495051	0.516228	0.889814	1.399743	0.574021	870.254380	
257	0.332191	0.066917	0.260863	0.106949	0.408954	0.493122	0.531306	0.885754	1.400061	0.588611	856.155978	
258	0.333976	0.067846	0.263100	0.109108	0.420995	0.491469	0.544733	0.883806	1.394629	0.602171	844.691645	
259	0.336541	0.070995	0.264997	0.111387	0.431781	0.489699	0.552432	0.883124	1.391556	0.613874	831.754133	
260	0.337662	0.072877	0.267369	0.114810	0.443940	0.488750	0.561824	0.883019	1.389738	0.623371	812.897794	
261	0.334792	0.065433	0.271118	0.116124	0.458519	0.484913	0.576282	0.879211	1.389177	0.635204	769.007701	
262	0.329976	0.049846	0.276258	0.113849	0.467284	0.481171	0.588564	0.874189	1.391113	0.648747	716.585567	
263	0.333374	0.056590	0.278710	0.118675	0.479720	0.480934	0.603134	0.873189	1.389042	0.661538	664.709462	
264	0.341160	0.070443	0.281570	0.125685	0.496044	0.480061	0.618966	0.872710	1.386277	0.674086	614.096585	
265	0.336462	0.059483	0.286704	0.125877	0.509109	0.475505	0.627615	0.869444	1.387676	0.686112	545.672717	
266	0.341050	0.069223	0.291672	0.134708	0.528296	0.475072	0.646247	0.869214	1.386233	0.698081	451.765879	
267	0.341645	0.073439	0.302495	0.147436	0.552959	0.477569	0.667204	0.872882	1.388730	0.711975	350.472015	
268	0.351631	0.087423	0.314888	0.160932	0.580523	0.478897	0.685596	0.876738	1.388407	0.725387	246.100722	
269	0.353668	0.088377	0.329435	0.168903	0.605392	0.477838	0.703168	0.877419	1.388506	0.736475	150.802719	
270	0.357563	0.091926	0.342095	0.175653	0.625930	0.477639	0.719458	0.878373	1.389778	0.748615	70.869497	
271	0.364938	0.100161	0.355234	0.183791	0.647527	0.477834	0.734561	0.880042	1.391985	0.760233	9.086149	
272	0.381301	0.108356	0.371965	0.189831	0.670190	0.477709	0.749061	0.881538	1.394527	0.772383	-2.618446	
273	0.403488	0.116980	0.391096	0.197329	0.694076	0.480385	0.765590	0.885604	1.396601	0.783651	-0.738174	
274	0.423395	0.122417	0.412165	0.203854	0.720170	0.481654	0.784251	0.888149	1.398607	0.795168	1.046178	
275	0.444185	0.125430	0.434910	0.208279	0.746894	0.481626	0.797750	0.889983	1.400712	0.807563	-1.329150	
276	0.463986	0.132372	0.452410	0.216182	0.772289	0.479992	0.805413	0.890168	1.401773	0.819119	1.040278	
277	0.487361	0.137000	0.472052	0.222977	0.796529	0.481063	0.816905	0.892067	1.402718	0.828583	-1.964474	
278	0.502711	0.148290	0.492675	0.232277	0.820754	0.485903	0.828156	0.897347	1.406706	0.838123	1.672567	
279	0.520424	0.155020	0.514021	0.237573	0.844206	0.488269	0.836014	0.899695	1.409257	0.847626	0.469644	
280	0.546392	0.157596	0.537468	0.241315	0.869484	0.489603	0.847111	0.900481	1.405534	0.858458	1.130274	
281	0.571964	0.163614	0.560632	0.246560	0.892269	0.495304	0.861062	0.905632	1.408913	0.871393	-1.388417	
282	0.586843	0.168142	0.581994	0.248725	0.911494	0.500060	0.871590	0.909638	1.412571	0.880653	-0.219355	
283	0.612135	0.170350	0.605414	0.250845	0.933413	0.504188	0.877700	0.911915	1.409151	0.886328	-0.134229	
284	0.649256	0.164482	0.633107	0.245158	0.955252	0.505691	0.887761	0.911561	1.408657	0.899723	-1.299578	
285	0.676650	0.161759	0.660743	0.241805	0.975601	0.510531	0.903893	0.915618	1.416192	0.915314	-0.772104	
286	0.702861	0.160638	0.685972	0.239696	0.995120	0.514599	0.914687	0.917989	1.419184	0.925934	-0.183828	
287	0.740193	0.157232	0.710947	0.236141	1.013365	0.517993	0.924817	0.919477	1.419032	0.935658	1.106035	
288	0.774662	0.152730	0.737496	0.231845	1.031402	0.522202	0.935850	0.921843	1.420452	0.946201	0.448237	
289	0.793991	0.150679	0.762780	0.226133	1.048167	0.524987	0.934306	0.919146	1.416674	0.954468	-0.104067	
290	0.817415	0.142821	0.792188	0.218622	1.064495	0.529519	0.951124	0.923740	1.415455	0.965950	-1.928661	
291	0.859533	0.137776	0.826468	0.211763	1.082614	0.536791	0.952975	0.926057	1.418564	0.978342	-0.751411	
292	0.896692	0.130052	0.860578	0.203107	1.098181	0.542468	0.965696	0.930888	1.419957	0.990377	-1.950289	
293	0.936946	0.130959	0.891113	0.198622	1.114872	0.546834	0.978498	0.934020	1.423497	1.002993	-3.104079	
294	0.983438	0.136188	0.923575	0.195451	1.132788	0.551930	0.993726	0.938303	1.427701	1.015720	-0.702091	
295	0.997177	0.119517	0.949027	0.183452	1.140507	0.549812	1.006882	0.938326	1.428232	1.028000	-0.104427	
296	1.003512	0.083245	0.974012	0.169069	1.146141	0.545324	1.018210	0.936025	1.427571	1.038979	0.529516	
297	1.041044	0.074933	1.009292	0.162760	1.162784	0.546331	1.030384	0.935339	1.427745	1.049771	-0.699884	
298	1.072950	0.053033	1.041558	0.159384	1.178128	0.548926	1.039768	0.935750	1.427304	1.062226	-1.952583	
299	1.119896	0.044177	1.072571	0.157891	1.190932	0.553763	1.048035	0.939034	1.426787	1.073722	-1.423636	
300	1.169127	0.054911	1.105332	0.153400	1.200649	0.555956	1.054288	0.940029	1.425417	1.082629	-1.386066	
301	NaN	NaN	NaN	NaN	NaN	NaN	NaN	NaN	1.425459	1.096668	-1.993010	
302	NaN	NaN	NaN	NaN	NaN	NaN	NaN	NaN	1.425885	1.112470	0.534985	
303	NaN	NaN	NaN	NaN	NaN	NaN	NaN	NaN	1.422233	1.118182	-1.348896	
304	NaN	NaN	NaN	NaN	NaN	NaN	NaN	NaN	1.419706	1.127408	-1.342067	
305	NaN	NaN	NaN	NaN	NaN	NaN	NaN	NaN	1.415515	1.137933	-2.579395	
306	NaN	NaN	NaN	NaN	NaN	NaN	NaN	NaN	1.406396	1.146365	-2.053267	
307	NaN	NaN	NaN	NaN	NaN	NaN	NaN	NaN	1.402882	1.157954	0.476204	
308	NaN	NaN	NaN	NaN	NaN	NaN	NaN	NaN	1.404229	1.171421	0.487809	
309	NaN	NaN	NaN	NaN	NaN	NaN	NaN	NaN	1.410201	1.189772	-0.734695	
310	NaN	NaN	NaN	NaN	NaN	NaN	NaN	NaN	1.410707	1.203332	-0.700839	
311	NaN	NaN	NaN	NaN	NaN	NaN	NaN	NaN	1.407014	1.212909	-0.774180	
312	NaN	NaN	NaN	NaN	NaN	NaN	NaN	NaN	1.403530	1.223510	-1.427736	
313	NaN	NaN	NaN	NaN	NaN	NaN	NaN	NaN	1.401374	1.235487	-0.725128	
314	NaN	NaN	NaN	NaN	NaN	NaN	NaN	NaN	1.399718	1.248154	-1.407536	
315	NaN	NaN	NaN	NaN	NaN	NaN	NaN	NaN	1.396136	1.256482	-0.185580	
316	NaN	NaN	NaN	NaN	NaN	NaN	NaN	NaN	1.391514	1.259787	-1.949216	
317	NaN	NaN	NaN	NaN	NaN	NaN	NaN	NaN	1.388468	1.270519	-1.306360	
318	NaN	NaN	NaN	NaN	NaN	NaN	NaN	NaN	1.385850	1.285555	-2.571658	
319	NaN	NaN	NaN	NaN	NaN	NaN	NaN	NaN	1.384478	1.296866	2.333583	
320	NaN	NaN	NaN	NaN	NaN	NaN	NaN	NaN	1.384623	1.307895	-1.440450	
321	NaN	NaN	NaN	NaN	NaN	NaN	NaN	NaN	1.387420	1.320481	-1.238707	
322	NaN	NaN	NaN	NaN	NaN	NaN	NaN	NaN	1.388534	1.332080	-0.684916	
323	NaN	NaN	NaN	NaN	NaN	NaN	NaN	NaN	1.388033	1.340392	-3.263614	
324	NaN	NaN	NaN	NaN	NaN	NaN	NaN	NaN	1.389501	1.351319	2.342325	
325	NaN	NaN	NaN	NaN	NaN	NaN	NaN	NaN	1.391362	1.363580	0.481887	
326	NaN	NaN	NaN	NaN	NaN	NaN	NaN	NaN	1.392219	1.373762	-0.125682	
327	NaN	NaN	NaN	NaN	NaN	NaN	NaN	NaN	1.393001	1.384171	-2.581984	
328	NaN	NaN	NaN	NaN	NaN	NaN	NaN	NaN	1.394407	1.395261	-1.988781	
329	NaN	NaN	NaN	NaN	NaN	NaN	NaN	NaN	1.395866	1.405741	-0.763182	
330	NaN	NaN	NaN	NaN	NaN	NaN	NaN	NaN	1.397300	1.416128	3.572353	
331	NaN	NaN	NaN	NaN	NaN	NaN	NaN	NaN	1.398501	1.426697	0.422178	
332	NaN	NaN	NaN	NaN	NaN	NaN	NaN	NaN	NaN	NaN	-1.362627	
333	NaN	NaN	NaN	NaN	NaN	NaN	NaN	NaN	NaN	NaN	-0.183811	
334	NaN	NaN	NaN	NaN	NaN	NaN	NaN	NaN	NaN	NaN	0.452119	
335	NaN	NaN	NaN	NaN	NaN	NaN	NaN	NaN	NaN	NaN	-0.822500	
336	NaN	NaN	NaN	NaN	NaN	NaN	NaN	NaN	NaN	NaN	-0.744305	
337	NaN	NaN	NaN	NaN	NaN	NaN	NaN	NaN	NaN	NaN	-3.182291	
338	NaN	NaN	NaN	NaN	NaN	NaN	NaN	NaN	NaN	NaN	-1.292242	
339	NaN	NaN	NaN	NaN	NaN	NaN	NaN	NaN	NaN	NaN	-1.355750	
340	NaN	NaN	NaN	NaN	NaN	NaN	NaN	NaN	NaN	NaN	-0.699911	
341	NaN	NaN	NaN	NaN	NaN	NaN	NaN	NaN	NaN	NaN	-0.619613	
342	NaN	NaN	NaN	NaN	NaN	NaN	NaN	NaN	NaN	NaN	1.103440	
343	NaN	NaN	NaN	NaN	NaN	NaN	NaN	NaN	NaN	NaN	-0.154542	
344	NaN	NaN	NaN	NaN	NaN	NaN	NaN	NaN	NaN	NaN	0.506368	
345	NaN	NaN	NaN	NaN	NaN	NaN	NaN	NaN	NaN	NaN	-0.624072	
346	NaN	NaN	NaN	NaN	NaN	NaN	NaN	NaN	NaN	NaN	-0.739595	
347	NaN	NaN	NaN	NaN	NaN	NaN	NaN	NaN	NaN	NaN	-0.129700	
348	NaN	NaN	NaN	NaN	NaN	NaN	NaN	NaN	NaN	NaN	-1.414606	
349	NaN	NaN	NaN	NaN	NaN	NaN	NaN	NaN	NaN	NaN	-0.148717	
350	NaN	NaN	NaN	NaN	NaN	NaN	NaN	NaN	NaN	NaN	1.034366	
351	NaN	NaN	NaN	NaN	NaN	NaN	NaN	NaN	NaN	NaN	-0.027636	
352	NaN	NaN	NaN	NaN	NaN	NaN	NaN	NaN	NaN	NaN	-0.763854	
353	NaN	NaN	NaN	NaN	NaN	NaN	NaN	NaN	NaN	NaN	1.019559	
354	NaN	NaN	NaN	NaN	NaN	NaN	NaN	NaN	NaN	NaN	1.654748	
355	NaN	NaN	NaN	NaN	NaN	NaN	NaN	NaN	NaN	NaN	-0.657636	
356	NaN	NaN	NaN	NaN	NaN	NaN	NaN	NaN	NaN	NaN	0.459655	
357	NaN	NaN	NaN	NaN	NaN	NaN	NaN	NaN	NaN	NaN	-0.206712	
358	NaN	NaN	NaN	NaN	NaN	NaN	NaN	NaN	NaN	NaN	-3.136686	
359	NaN	NaN	NaN	NaN	NaN	NaN	NaN	NaN	NaN	NaN	1.049468	
360	NaN	NaN	NaN	NaN	NaN	NaN	NaN	NaN	NaN	NaN	1.785105	
361	NaN	NaN	NaN	NaN	NaN	NaN	NaN	NaN	NaN	NaN	0.498981	
362	NaN	NaN	NaN	NaN	NaN	NaN	NaN	NaN	NaN	NaN	-1.372579	
363	NaN	NaN	NaN	NaN	NaN	NaN	NaN	NaN	NaN	NaN	-0.774745	
364	NaN	NaN	NaN	NaN	NaN	NaN	NaN	NaN	NaN	NaN	-0.750939	
365	NaN	NaN	NaN	NaN	NaN	NaN	NaN	NaN	NaN	NaN	-1.960514	
366	NaN	NaN	NaN	NaN	NaN	NaN	NaN	NaN	NaN	NaN	-1.364703	
367	NaN	NaN	NaN	NaN	NaN	NaN	NaN	NaN	NaN	NaN	-0.085107	
368	NaN	NaN	NaN	NaN	NaN	NaN	NaN	NaN	NaN	NaN	1.123601	
369	NaN	NaN	NaN	NaN	NaN	NaN	NaN	NaN	NaN	NaN	0.496845	
370	NaN	NaN	NaN	NaN	NaN	NaN	NaN	NaN	NaN	NaN	-0.730200	
371	NaN	NaN	NaN	NaN	NaN	NaN	NaN	NaN	NaN	NaN	-0.747041	
372	NaN	NaN	NaN	NaN	NaN	NaN	NaN	NaN	NaN	NaN	-0.182053	
373	NaN	NaN	NaN	NaN	NaN	NaN	NaN	NaN	NaN	NaN	1.166262	
374	NaN	NaN	NaN	NaN	NaN	NaN	NaN	NaN	NaN	NaN	-0.110310	
375	NaN	NaN	NaN	NaN	NaN	NaN	NaN	NaN	NaN	NaN	-0.780718	
376	NaN	NaN	NaN	NaN	NaN	NaN	NaN	NaN	NaN	NaN	0.471148	
377	NaN	NaN	NaN	NaN	NaN	NaN	NaN	NaN	NaN	NaN	-0.088306	
378	NaN	NaN	NaN	NaN	NaN	NaN	NaN	NaN	NaN	NaN	-1.363003	
379	NaN	NaN	NaN	NaN	NaN	NaN	NaN	NaN	NaN	NaN	-0.213076	
380	NaN	NaN	NaN	NaN	NaN	NaN	NaN	NaN	NaN	NaN	-1.302704	
381	NaN	NaN	NaN	NaN	NaN	NaN	NaN	NaN	NaN	NaN	-1.929447	
382	NaN	NaN	NaN	NaN	NaN	NaN	NaN	NaN	NaN	NaN	-0.103032	
383	NaN	NaN	NaN	NaN	NaN	NaN	NaN	NaN	NaN	NaN	0.507979	
384	NaN	NaN	NaN	NaN	NaN	NaN	NaN	NaN	NaN	NaN	-1.357279	
385	NaN	NaN	NaN	NaN	NaN	NaN	NaN	NaN	NaN	NaN	-0.692274	
386	NaN	NaN	NaN	NaN	NaN	NaN	NaN	NaN	NaN	NaN	-0.175572	
387	NaN	NaN	NaN	NaN	NaN	NaN	NaN	NaN	NaN	NaN	-0.100493	
388	NaN	NaN	NaN	NaN	NaN	NaN	NaN	NaN	NaN	NaN	-0.697434	
389	NaN	NaN	NaN	NaN	NaN	NaN	NaN	NaN	NaN	NaN	-0.149252	
390	NaN	NaN	NaN	NaN	NaN	NaN	NaN	NaN	NaN	NaN	0.438628	
391	NaN	NaN	NaN	NaN	NaN	NaN	NaN	NaN	NaN	NaN	-0.083374	
392	NaN	NaN	NaN	NaN	NaN	NaN	NaN	NaN	NaN	NaN	1.624713	
393	NaN	NaN	NaN	NaN	NaN	NaN	NaN	NaN	NaN	NaN	-1.321535	
394	NaN	NaN	NaN	NaN	NaN	NaN	NaN	NaN	NaN	NaN	-1.343817	
395	NaN	NaN	NaN	NaN	NaN	NaN	NaN	NaN	NaN	NaN	-0.680559	
396	NaN	NaN	NaN	NaN	NaN	NaN	NaN	NaN	NaN	NaN	-1.331171	
397	NaN	NaN	NaN	NaN	NaN	NaN	NaN	NaN	NaN	NaN	-0.143355	
398	NaN	NaN	NaN	NaN	NaN	NaN	NaN	NaN	NaN	NaN	-0.714428	
399	NaN	NaN	NaN	NaN	NaN	NaN	NaN	NaN	NaN	NaN	NaN	
400	NaN	NaN	NaN	NaN	NaN	NaN	NaN	NaN	NaN	NaN	NaN	
