Testing	// User ID
7-2-2025	// Evaluation date
KJ_Walk_BP3	6-2-2025	12:11:11:196	// Source file name and timestamp
100.000	// Sampling rate
4.000	// Data capture period



Sample #	Right_Foot_COM_X	Right_Foot_COM_Y	RightAnklePosX	RightAnklePosY	RightKnee.Pos.X	RightKneePosY	RightHip_PosX	RightHipPosY	ThoraxCOMPosY	ThoraxCOMPosX	GRF_MoundY	
0	NaN	NaN	NaN	NaN	NaN	NaN	NaN	NaN	NaN	NaN	-0.663576	
1	NaN	NaN	NaN	NaN	NaN	NaN	NaN	NaN	NaN	NaN	-1.319373	
2	NaN	NaN	NaN	NaN	NaN	NaN	NaN	NaN	NaN	NaN	-1.074784	
3	NaN	NaN	NaN	NaN	NaN	NaN	NaN	NaN	NaN	NaN	0.931508	
4	NaN	NaN	NaN	NaN	NaN	NaN	NaN	NaN	NaN	NaN	0.591195	
5	NaN	NaN	NaN	NaN	NaN	NaN	NaN	NaN	NaN	NaN	-0.879604	
6	NaN	NaN	NaN	NaN	NaN	NaN	NaN	NaN	NaN	NaN	-0.438030	
7	NaN	NaN	NaN	NaN	NaN	NaN	NaN	NaN	NaN	NaN	0.291599	
8	NaN	NaN	NaN	NaN	NaN	NaN	NaN	NaN	NaN	NaN	-2.460329	
9	NaN	NaN	NaN	NaN	NaN	NaN	NaN	NaN	NaN	NaN	0.339256	
10	NaN	NaN	NaN	NaN	NaN	NaN	NaN	NaN	NaN	NaN	0.130735	
11	NaN	NaN	NaN	NaN	NaN	NaN	NaN	NaN	NaN	NaN	-0.801392	
12	NaN	NaN	NaN	NaN	NaN	NaN	NaN	NaN	NaN	NaN	-2.708827	
13	NaN	NaN	NaN	NaN	NaN	NaN	NaN	NaN	NaN	NaN	-1.331285	
14	NaN	NaN	NaN	NaN	NaN	NaN	NaN	NaN	NaN	NaN	-0.272320	
15	NaN	NaN	NaN	NaN	NaN	NaN	NaN	NaN	NaN	NaN	0.041925	
16	NaN	NaN	NaN	NaN	NaN	NaN	NaN	NaN	NaN	NaN	-1.040074	
17	NaN	NaN	NaN	NaN	NaN	NaN	NaN	NaN	NaN	NaN	-1.161135	
18	NaN	NaN	NaN	NaN	NaN	NaN	NaN	NaN	NaN	NaN	-1.236907	
19	NaN	NaN	NaN	NaN	NaN	NaN	NaN	NaN	NaN	NaN	-2.093161	
20	NaN	NaN	NaN	NaN	NaN	NaN	NaN	NaN	NaN	NaN	0.464904	
21	NaN	NaN	NaN	NaN	NaN	NaN	NaN	NaN	NaN	NaN	-1.616106	
22	NaN	NaN	NaN	NaN	NaN	NaN	NaN	NaN	NaN	NaN	-2.597504	
23	NaN	NaN	NaN	NaN	NaN	NaN	NaN	NaN	NaN	NaN	0.820207	
24	NaN	NaN	NaN	NaN	NaN	NaN	NaN	NaN	NaN	NaN	-3.393621	
25	NaN	NaN	NaN	NaN	NaN	NaN	NaN	NaN	NaN	NaN	1.831538	
26	NaN	NaN	NaN	NaN	NaN	NaN	NaN	NaN	NaN	NaN	-2.491215	
27	NaN	NaN	NaN	NaN	NaN	NaN	NaN	NaN	NaN	NaN	0.663413	
28	NaN	NaN	NaN	NaN	NaN	NaN	NaN	NaN	NaN	NaN	-0.586519	
29	NaN	NaN	NaN	NaN	NaN	NaN	NaN	NaN	NaN	NaN	-1.142680	
30	NaN	NaN	NaN	NaN	NaN	NaN	NaN	NaN	NaN	NaN	0.493817	
31	NaN	NaN	NaN	NaN	NaN	NaN	NaN	NaN	NaN	NaN	-0.763933	
32	NaN	NaN	NaN	NaN	NaN	NaN	NaN	NaN	NaN	NaN	0.274758	
33	NaN	NaN	NaN	NaN	NaN	NaN	NaN	NaN	NaN	NaN	-1.312074	
34	NaN	NaN	NaN	NaN	NaN	NaN	NaN	NaN	NaN	NaN	-0.169847	
35	NaN	NaN	NaN	NaN	NaN	NaN	NaN	NaN	NaN	NaN	-1.577967	
36	NaN	NaN	NaN	NaN	NaN	NaN	NaN	NaN	NaN	NaN	0.016465	
37	NaN	NaN	NaN	NaN	NaN	NaN	NaN	NaN	NaN	NaN	-1.901782	
38	NaN	NaN	NaN	NaN	NaN	NaN	NaN	NaN	NaN	NaN	-1.624735	
39	NaN	NaN	NaN	NaN	NaN	NaN	NaN	NaN	NaN	NaN	-0.094072	
40	NaN	NaN	NaN	NaN	NaN	NaN	NaN	NaN	NaN	NaN	-1.146793	
41	NaN	NaN	NaN	NaN	NaN	NaN	NaN	NaN	NaN	NaN	-1.688146	
42	NaN	NaN	NaN	NaN	NaN	NaN	NaN	NaN	NaN	NaN	-1.282107	
43	NaN	NaN	NaN	NaN	NaN	NaN	NaN	NaN	NaN	NaN	-2.305278	
44	NaN	NaN	NaN	NaN	NaN	NaN	NaN	NaN	NaN	NaN	0.501149	
45	NaN	NaN	NaN	NaN	NaN	NaN	NaN	NaN	NaN	NaN	-1.667319	
46	NaN	NaN	NaN	NaN	NaN	NaN	NaN	NaN	NaN	NaN	-1.038128	
47	NaN	NaN	NaN	NaN	NaN	NaN	NaN	NaN	NaN	NaN	-1.290277	
48	NaN	NaN	NaN	NaN	NaN	NaN	NaN	NaN	NaN	NaN	-1.042018	
49	NaN	NaN	NaN	NaN	NaN	NaN	NaN	NaN	NaN	NaN	0.230280	
50	NaN	NaN	NaN	NaN	NaN	NaN	NaN	NaN	NaN	NaN	-4.242475	
51	NaN	NaN	NaN	NaN	NaN	NaN	NaN	NaN	NaN	NaN	2.367897	
52	NaN	NaN	NaN	NaN	NaN	NaN	NaN	NaN	NaN	NaN	-0.856844	
53	NaN	NaN	NaN	NaN	NaN	NaN	NaN	NaN	NaN	NaN	0.140234	
54	NaN	NaN	NaN	NaN	NaN	NaN	NaN	NaN	NaN	NaN	-0.699773	
55	NaN	NaN	NaN	NaN	NaN	NaN	NaN	NaN	NaN	NaN	-3.524002	
56	NaN	NaN	NaN	NaN	NaN	NaN	NaN	NaN	NaN	NaN	-0.318515	
57	NaN	NaN	NaN	NaN	NaN	NaN	NaN	NaN	NaN	NaN	-1.436448	
58	NaN	NaN	NaN	NaN	NaN	NaN	NaN	NaN	NaN	NaN	0.442247	
59	NaN	NaN	NaN	NaN	NaN	NaN	NaN	NaN	NaN	NaN	-1.056172	
60	NaN	NaN	NaN	NaN	NaN	NaN	NaN	NaN	NaN	NaN	-0.650681	
61	NaN	NaN	NaN	NaN	NaN	NaN	NaN	NaN	NaN	NaN	0.731979	
62	NaN	NaN	NaN	NaN	NaN	NaN	NaN	NaN	NaN	NaN	-1.837136	
63	NaN	NaN	NaN	NaN	NaN	NaN	NaN	NaN	NaN	NaN	-1.307409	
64	NaN	NaN	NaN	NaN	NaN	NaN	NaN	NaN	NaN	NaN	-1.505306	
65	NaN	NaN	NaN	NaN	NaN	NaN	NaN	NaN	NaN	NaN	0.349692	
66	NaN	NaN	NaN	NaN	NaN	NaN	NaN	NaN	NaN	NaN	0.264111	
67	NaN	NaN	NaN	NaN	NaN	NaN	NaN	NaN	NaN	NaN	-1.320567	
68	NaN	NaN	NaN	NaN	NaN	NaN	NaN	NaN	NaN	NaN	-0.240247	
69	NaN	NaN	NaN	NaN	NaN	NaN	NaN	NaN	NaN	NaN	-0.086042	
70	NaN	NaN	NaN	NaN	NaN	NaN	NaN	NaN	NaN	NaN	-0.448914	
71	NaN	NaN	NaN	NaN	NaN	NaN	NaN	NaN	NaN	NaN	-0.440755	
72	NaN	NaN	NaN	NaN	NaN	NaN	NaN	NaN	NaN	NaN	-1.355909	
73	NaN	NaN	NaN	NaN	NaN	NaN	NaN	NaN	NaN	NaN	-1.114145	
74	NaN	NaN	NaN	NaN	NaN	NaN	NaN	NaN	1.386486	-1.313881	0.774156	
75	-1.081678	0.128244	-1.166393	0.133888	-1.270021	0.530264	-1.374951	0.913888	1.394618	-1.277286	-1.389920	
76	-1.062158	0.124369	-1.145911	0.135320	-1.284172	0.521016	-1.395249	0.902901	1.388303	-1.274736	-0.290700	
77	-1.046239	0.131458	-1.133986	0.134186	-1.293544	0.511569	-1.416855	0.889689	1.379577	-1.277947	0.435438	
78	-1.031116	0.128977	-1.118025	0.132686	-1.285934	0.506122	-1.417225	0.881000	1.373928	-1.276517	-1.287089	
79	-1.024177	0.115067	-1.108446	0.129628	-1.282558	0.500283	-1.420216	0.872047	1.371081	-1.276009	-3.072276	
80	-1.013166	0.124662	-1.099555	0.129074	-1.270483	0.501317	-1.406356	0.874004	1.366235	-1.263823	-0.213517	
81	-1.003823	0.123782	-1.090742	0.126706	-1.256088	0.501471	-1.385896	0.876489	1.362565	-1.252288	-1.378267	
82	-1.000974	0.097995	-1.084719	0.124668	-1.252761	0.498389	-1.387158	0.870999	1.371329	-1.243863	0.535623	
83	-0.994618	0.116932	-1.082465	0.124284	-1.242790	0.501181	-1.375106	0.872340	1.373667	-1.235557	-0.779688	
84	-0.983584	0.109794	-1.074131	0.115822	-1.223102	0.497507	-1.338730	0.876676	1.370137	-1.225594	-2.561950	
85	-0.981626	0.103520	-1.071334	0.109344	-1.214886	0.493111	-1.335171	0.870896	1.368522	-1.235265	-1.543427	
86	-0.984984	0.081444	-1.067721	0.104679	-1.207448	0.489881	-1.330752	0.866790	1.366629	-1.244073	-0.418568	
87	-0.978295	0.083945	-1.063267	0.099476	-1.193754	0.487921	-1.312141	0.866822	1.363970	-1.225234	1.162340	
88	-0.976232	0.068539	-1.056978	0.096763	-1.182771	0.486760	-1.297183	0.867120	1.360228	-1.213716	0.151290	
89	-0.964754	0.087421	-1.053573	0.099888	-1.173116	0.491820	-1.275826	0.875825	1.354544	-1.194159	0.112591	
90	-0.963063	0.077396	-1.051099	0.091665	-1.162962	0.485881	-1.266624	0.869531	1.348792	-1.175629	-1.130673	
91	-0.965942	0.060485	-1.047952	0.086416	-1.150285	0.483208	-1.264295	0.863084	1.352622	-1.183585	0.960310	
92	-0.962637	0.066408	-1.047290	0.086533	-1.138390	0.486003	-1.255988	0.863553	1.358707	-1.192729	-0.003133	
93	-0.962169	0.058385	-1.044913	0.082334	-1.123880	0.484375	-1.259929	0.853606	1.362314	-1.202734	-0.711386	
94	-0.962491	0.048276	-1.042549	0.079373	-1.115580	0.482560	-1.255613	0.849313	1.363536	-1.203659	0.259853	
95	-0.963285	0.049610	-1.043699	0.080707	-1.112274	0.484693	-1.253502	0.849951	1.366403	-1.207626	-0.531612	
96	-0.964394	0.051899	-1.045259	0.082692	-1.109445	0.487416	-1.252058	0.850945	1.368969	-1.201346	-0.632186	
97	-0.965704	0.054015	-1.046604	0.085052	-1.108023	0.490203	-1.248852	0.853968	1.371076	-1.196491	-1.422568	
98	-0.966957	0.058788	-1.048679	0.087844	-1.107145	0.493411	-1.242916	0.859097	1.372570	-1.188087	0.532681	
99	-0.968034	0.064213	-1.050889	0.090716	-1.105592	0.496779	-1.234389	0.865367	1.380704	-1.164660	1.861004	
100	-0.968457	0.069112	-1.052552	0.093183	-1.103008	0.499780	-1.220987	0.872521	1.381830	-1.154480	-0.759248	
101	-0.968294	0.072837	-1.053787	0.094390	-1.097813	0.501748	-1.204745	0.878375	1.382587	-1.140484	0.549300	
102	-0.968350	0.074350	-1.054471	0.094952	-1.090733	0.503091	-1.185583	0.883434	1.382636	-1.125564	-0.864017	
103	-0.966832	0.076820	-1.054698	0.094368	-1.082358	0.503206	-1.164882	0.886859	1.376415	-1.119997	-0.760863	
104	-0.965357	0.074085	-1.053175	0.090984	-1.067148	0.500519	-1.141212	0.885881	1.378148	-1.105797	-2.162773	
105	-0.962819	0.072521	-1.051106	0.087458	-1.052488	0.497150	-1.117846	0.883966	1.378882	-1.094754	-0.368196	
106	-0.960004	0.070160	-1.048302	0.083801	-1.038552	0.493190	-1.094928	0.881413	1.379283	-1.083604	0.528799	
107	-0.958361	0.063760	-1.044521	0.080160	-1.025372	0.488904	-1.072950	0.878309	1.375721	-1.072675	-0.546544	
108	-0.954768	0.065845	-1.042811	0.077987	-1.021474	0.486507	-1.056512	0.877127	1.375870	-1.053377	0.294353	
109	-0.952090	0.067718	-1.041817	0.076597	-1.019802	0.485002	-1.043149	0.876500	1.376362	-1.032800	-0.076304	
110	-0.951773	0.065709	-1.040837	0.076025	-1.019394	0.484336	-1.032339	0.876543	1.378690	-1.012198	-0.634154	
111	-0.951868	0.065765	-1.040798	0.076717	-1.021343	0.484966	-1.025031	0.877814	1.379449	-0.994379	-1.820705	
112	-0.954200	0.063434	-1.041374	0.078453	-1.025200	0.486790	-1.020172	0.880201	1.380909	-0.976516	-1.126828	
113	-0.956717	0.062275	-1.042391	0.081082	-1.030079	0.489542	-1.018542	0.883501	1.382472	-0.961073	1.005785	
114	-0.962786	0.050151	-1.041864	0.084667	-1.030187	0.492585	-1.015867	0.887658	1.384783	-0.958734	-2.348613	
115	-0.966598	0.040428	-1.041477	0.087771	-1.025612	0.494127	-1.008433	0.890211	1.383635	-0.945754	-0.556643	
116	-0.968322	0.041116	-1.043141	0.090131	-1.019743	0.494343	-1.000026	0.891195	1.383807	-0.936239	-1.689368	
117	-0.970431	0.037415	-1.043223	0.094500	-1.029449	0.501663	-1.007729	0.898473	1.388851	-0.939298	-0.922673	
118	-0.962668	0.064127	-1.043625	0.093959	-1.028745	0.501934	-0.998756	0.897603	1.388599	-0.925443	-0.302884	
119	-0.960571	0.072654	-1.046251	0.093161	-1.004890	0.496189	-0.984080	0.893044	1.385272	-0.913133	0.752139	
120	-0.961539	0.074484	-1.047123	0.095395	-0.993008	0.496623	-0.972288	0.893816	1.387435	-0.900477	0.252775	
121	-0.972239	0.033881	-1.046480	0.090560	-1.003201	0.496602	-0.934289	0.888155	1.390555	-0.868718	-2.680315	
122	-0.969698	0.056208	-1.048610	0.091445	-1.002281	0.497144	-0.914556	0.884857	1.391916	-0.847530	-0.849502	
123	-0.972988	0.049087	-1.047521	0.090777	-0.996487	0.495227	-0.911462	0.883653	1.390907	-0.839630	-1.305622	
124	-0.967492	0.046353	-1.040958	0.091259	-0.991108	0.496022	-0.905739	0.884363	1.391772	-0.831141	-0.891958	
125	-0.967963	0.031170	-1.032023	0.097489	-0.987243	0.502499	-0.907574	0.891941	1.391205	-0.827387	-0.981829	
126	-0.973997	0.002927	-1.033622	0.098892	-0.983629	0.502886	-0.918470	0.894800	1.390334	-0.819823	-2.170819	
127	-0.977546	-0.015948	-1.038400	0.097883	-0.978600	0.500084	-0.899596	0.889657	1.388786	-0.808824	-0.134124	
128	-0.972494	-0.050707	-1.037366	0.093834	-0.974259	0.496473	-0.869671	0.880031	1.388844	-0.797983	0.883661	
129	-0.935618	-0.071638	-1.037575	0.090860	-0.967388	0.492421	-0.860594	0.875336	1.387690	-0.790488	-0.590309	
130	-0.971383	-0.043657	-1.040646	0.097067	-0.960356	0.496161	-0.856666	0.879864	1.385264	-0.784467	0.347401	
131	-0.980482	0.020647	-1.041540	0.101752	-0.953370	0.499076	-0.844203	0.881282	1.382341	-0.779613	0.252914	
132	-0.969884	0.049799	-1.043535	0.097578	-0.947893	0.493858	-0.841255	0.876634	1.377577	-0.782229	-1.256473	
133	-0.959954	0.068101	-1.043645	0.095873	-0.942342	0.491085	-0.841908	0.875389	1.377907	-0.774849	-1.019948	
134	-0.958889	0.070676	-1.044399	0.095983	-0.941599	0.491716	-0.856061	0.878859	1.377451	-0.774020	0.941488	
135	-0.949567	0.068436	-1.034880	0.094942	-0.934835	0.490674	-0.838546	0.876047	1.376051	-0.768118	-0.633194	
136	-0.944779	0.070286	-1.031023	0.096258	-0.927186	0.490537	-0.810087	0.870327	1.376392	-0.747324	-0.134618	
137	-0.947292	0.068244	-1.030972	0.097612	-0.924874	0.491531	-0.807581	0.871033	1.374082	-0.738918	-1.056015	
138	-0.946430	0.067517	-1.028110	0.099115	-0.916716	0.491206	-0.791072	0.868280	1.371732	-0.724830	1.431729	
139	-0.948708	0.067064	-1.024785	0.105364	-0.909929	0.493474	-0.792530	0.873437	1.368376	-0.731515	1.134149	
140	-0.953145	0.059736	-1.027437	0.102054	-0.903815	0.488312	-0.792490	0.870131	1.366529	-0.719768	-0.356829	
141	-0.951163	0.062283	-1.029866	0.098619	-0.897112	0.484559	-0.772459	0.861957	1.368120	-0.681509	0.746048	
142	-0.947420	0.070391	-1.028737	0.102577	-0.885731	0.485291	-0.762525	0.862996	1.368355	-0.662997	-1.653430	
143	-0.944388	0.071263	-1.026135	0.101960	-0.875231	0.481168	-0.757843	0.860897	1.366581	-0.653061	0.496035	
144	-0.943067	0.071128	-1.025174	0.103077	-0.866851	0.479394	-0.744897	0.857798	1.365082	-0.645759	-0.629137	
145	-0.945709	0.063674	-1.020621	0.105911	-0.861425	0.480662	-0.737527	0.858585	1.362727	-0.654182	-1.716047	
146	-0.945919	0.064467	-1.016893	0.111907	-0.849992	0.484001	-0.722357	0.860586	1.360587	-0.651180	0.190823	
147	-0.945196	0.062121	-1.013800	0.112505	-0.833437	0.479352	-0.700216	0.853732	1.362136	-0.628604	-0.415440	
148	-0.946931	0.056424	-1.010374	0.112917	-0.822656	0.475999	-0.695166	0.852443	1.361876	-0.622915	-1.239869	
149	-0.947856	0.054053	-1.005491	0.116711	-0.806461	0.473178	-0.675796	0.848629	1.363778	-0.599750	2.706269	
150	-0.948633	0.055751	-1.001999	0.123344	-0.795879	0.475932	-0.670467	0.853261	1.366056	-0.592464	-0.045950	
151	-0.946713	0.061721	-0.998159	0.130591	-0.783067	0.478138	-0.665327	0.857931	1.369189	-0.581249	2.171422	
152	-0.944211	0.064156	-0.991278	0.137014	-0.765587	0.478039	-0.651477	0.858953	1.369224	-0.578202	-0.292424	
153	-0.952378	0.051605	-0.982717	0.142517	-0.745154	0.475860	-0.642871	0.859960	1.370825	-0.571748	1.773892	
154	-0.943329	0.064056	-0.971702	0.150162	-0.716803	0.470727	-0.632679	0.858843	1.374745	-0.560663	1.641629	
155	-0.931080	0.075946	-0.957806	0.158881	-0.693257	0.471276	-0.612564	0.860687	1.375887	-0.551502	1.354451	
156	-0.930151	0.074370	-0.944609	0.162931	-0.679592	0.474852	-0.596704	0.863856	1.377409	-0.538174	0.079683	
157	-0.922081	0.084627	-0.929599	0.173304	-0.650936	0.472943	-0.586433	0.865405	1.383251	-0.518248	-0.459767	
158	-0.911473	0.094534	-0.909608	0.183354	-0.619925	0.472448	-0.575052	0.867619	1.386189	-0.505651	-1.650473	
159	-0.890540	0.102488	-0.892215	0.188442	-0.597541	0.472638	-0.563867	0.868908	1.388467	-0.496333	-0.733331	
160	-0.874785	0.109643	-0.879121	0.194945	-0.577135	0.471552	-0.552973	0.868511	1.389845	-0.484903	1.295773	
161	-0.856113	0.117684	-0.864659	0.202873	-0.554514	0.470437	-0.539721	0.867871	1.390727	-0.474900	1.395407	
162	-0.837792	0.124594	-0.841217	0.210198	-0.528507	0.474756	-0.539129	0.872272	1.393748	-0.468797	0.189731	
163	-0.819452	0.131998	-0.815825	0.217634	-0.502201	0.481206	-0.538457	0.877123	1.396063	-0.462427	0.867068	
164	-0.787697	0.139839	-0.793333	0.225799	-0.475622	0.484260	-0.522697	0.879191	1.392269	-0.466680	-0.110462	
165	-0.761136	0.146791	-0.775104	0.232307	-0.452105	0.483513	-0.494480	0.878975	1.394062	-0.459082	-0.966013	
166	-0.737421	0.155195	-0.752857	0.241095	-0.425829	0.487290	-0.459566	0.883229	1.397600	-0.425119	0.246357	
167	-0.718199	0.159409	-0.727160	0.245177	-0.400622	0.492357	-0.447874	0.886933	1.397758	-0.414676	0.112528	
168	-0.701757	0.161929	-0.702606	0.247470	-0.376801	0.495772	-0.436519	0.888720	1.397484	-0.406294	0.947886	
169	-0.688019	0.162932	-0.678567	0.249408	-0.353653	0.499001	-0.421846	0.890528	1.398438	-0.391660	-0.756083	
170	-0.680692	0.156597	-0.653060	0.247072	-0.332966	0.502909	-0.412924	0.892195	1.398689	-0.378874	0.251963	
171	-0.670078	0.143836	-0.627025	0.241687	-0.314619	0.506859	-0.408894	0.892946	1.398867	-0.368897	-1.049549	
172	-0.659480	0.118857	-0.604279	0.238394	-0.296374	0.508775	-0.397785	0.892989	1.399933	-0.357103	0.800068	
173	-0.630385	0.087182	-0.581427	0.233186	-0.279957	0.510581	-0.388550	0.892788	1.400826	-0.346993	0.255574	
174	-0.593687	0.062778	-0.556753	0.222123	-0.268413	0.513111	-0.387002	0.892204	1.400637	-0.339714	0.646535	
175	-0.552139	0.040484	-0.531309	0.210112	-0.258256	0.515436	-0.384989	0.891710	1.400841	-0.331712	-0.783233	
176	-0.507720	0.024153	-0.505216	0.198513	-0.248437	0.517523	-0.382313	0.891123	1.400877	-0.324110	0.425639	
177	-0.469311	0.017655	-0.477667	0.187412	-0.238763	0.519941	-0.379450	0.890878	1.401187	-0.316462	1.407767	
178	-0.436552	0.021964	-0.448939	0.178204	-0.228030	0.522880	-0.375808	0.890948	1.401240	-0.308526	2.518887	
179	-0.404467	0.033206	-0.418585	0.171372	-0.215204	0.526614	-0.369486	0.892100	1.401776	-0.299562	0.180078	
180	-0.366127	0.039304	-0.386970	0.164501	-0.203432	0.530268	-0.361791	0.893966	1.402397	-0.289169	0.001498	
181	-0.325735	0.042955	-0.353826	0.157322	-0.192086	0.533235	-0.351184	0.896443	1.402687	-0.278424	-0.104314	
182	-0.265541	0.096114	-0.323757	0.158462	-0.169802	0.537885	-0.344805	0.894518	1.403341	-0.270066	0.321412	
183	-0.229405	0.095113	-0.287345	0.157381	-0.151013	0.543435	-0.333276	0.896900	1.403605	-0.261071	0.944239	
184	-0.198536	0.083916	-0.249000	0.156526	-0.136021	0.549584	-0.299305	0.911888	1.404392	-0.246038	1.268125	
185	-0.155212	0.085420	-0.218063	0.147186	-0.129068	0.546536	-0.289671	0.909911	1.403995	-0.233745	-0.498358	
186	-0.127520	0.055374	-0.183756	0.130902	-0.132881	0.537407	-0.301952	0.896972	1.403275	-0.224199	0.037292	
187	-0.095008	0.031445	-0.149341	0.118637	-0.135163	0.528143	-0.297016	0.891209	1.400868	-0.226799	-0.630341	
188	-0.055543	0.048582	-0.120472	0.112663	-0.129322	0.522215	-0.288327	0.886772	1.393127	-0.255044	-0.105782	
189	-0.013338	0.088908	-0.093054	0.120747	-0.115009	0.529902	-0.280428	0.891541	1.389862	-0.236097	-1.220327	
190	0.020759	0.086602	-0.058111	0.119340	-0.110647	0.525739	-0.274542	0.888002	1.394958	-0.196444	0.167250	
191	0.052661	0.092164	-0.027231	0.120271	-0.103977	0.522798	-0.264828	0.886435	1.398314	-0.178674	-0.001573	
192	0.082719	0.109768	-0.001125	0.124025	-0.100234	0.521635	-0.244763	0.892109	1.394615	-0.170383	-1.217208	
193	0.109755	0.111865	0.025732	0.121825	-0.097369	0.512681	-0.238072	0.884662	1.391083	-0.169015	0.098156	
194	0.133874	0.119642	0.049656	0.125725	-0.091141	0.510557	-0.237593	0.880341	1.392879	-0.153043	2.002440	
195	0.154434	0.126023	0.070556	0.130479	-0.085452	0.509397	-0.227150	0.881029	1.392394	-0.138796	0.451297	
196	0.171285	0.132352	0.086136	0.131789	-0.080725	0.506051	-0.210346	0.882071	1.390750	-0.129483	2.623172	
197	0.185468	0.141270	0.099698	0.134932	-0.072167	0.506925	-0.207027	0.881099	1.387340	-0.121854	0.084491	
198	0.199385	0.144715	0.113604	0.137954	-0.061577	0.508403	-0.199359	0.881501	1.384629	-0.112051	2.143509	
199	0.206372	0.134248	0.120304	0.133081	-0.051030	0.505309	-0.193056	0.876763	1.384351	-0.101295	0.347118	
200	0.210309	0.128268	0.123477	0.125156	-0.043635	0.499258	-0.177293	0.873599	1.381052	-0.093058	3.314795	
201	0.214163	0.127459	0.127189	0.121343	-0.030232	0.499681	-0.161562	0.875002	1.376378	-0.085779	17.075511	
202	0.219859	0.120760	0.132542	0.115075	-0.022977	0.494200	-0.157244	0.868503	1.373669	-0.080915	57.242323	
203	0.226939	0.114274	0.139344	0.115071	-0.015520	0.494458	-0.133777	0.874111	1.374794	-0.057275	149.570798	
204	0.231959	0.110631	0.144704	0.114891	-0.004196	0.496640	-0.115813	0.878331	1.374450	-0.041548	194.647663	
205	0.236946	0.106860	0.149924	0.111883	0.002767	0.494283	-0.107058	0.876488	1.372572	-0.033240	160.882159	
206	0.245139	0.110516	0.155738	0.110930	0.010424	0.494013	-0.097674	0.876684	1.372496	-0.022405	237.014581	
207	0.248774	0.098696	0.162690	0.110351	0.020023	0.494379	-0.085373	0.877751	1.371590	-0.011998	317.819155	
208	0.249246	0.093243	0.163742	0.107901	0.029649	0.495018	-0.071885	0.879401	1.370034	-0.000882	439.353635	
209	0.250596	0.090164	0.164339	0.103356	0.045042	0.495249	-0.065489	0.877181	1.370331	0.008673	535.721546	
210	0.254773	0.085941	0.168041	0.099212	0.054125	0.492640	-0.063739	0.872337	1.373331	0.018218	637.605569	
211	0.256549	0.084478	0.168752	0.097187	0.064049	0.492934	-0.044792	0.875225	1.372008	0.024267	736.773382	
212	0.254774	0.082881	0.167894	0.097982	0.075968	0.496666	-0.033529	0.878610	1.370386	0.025503	803.548082	
213	0.260502	0.088191	0.171167	0.101611	0.076361	0.499633	-0.025174	0.884025	1.374233	0.042278	851.616334	
214	0.267227	0.089412	0.174892	0.101146	0.073769	0.497598	-0.009769	0.886279	1.376634	0.060342	891.262994	
215	0.266614	0.088397	0.173673	0.099724	0.088352	0.499722	-0.000225	0.887144	1.378584	0.072574	907.524257	
216	0.267590	0.090381	0.173065	0.100480	0.103100	0.503397	0.017291	0.891380	1.381118	0.081602	910.703328	
217	0.267305	0.088714	0.174101	0.100108	0.108435	0.503617	0.031065	0.893355	1.383238	0.091799	920.109613	
218	0.268320	0.091841	0.174413	0.099868	0.114467	0.503872	0.034592	0.893120	1.385104	0.102677	929.314295	
219	0.268636	0.088441	0.175276	0.098075	0.120167	0.502371	0.045166	0.892646	1.387442	0.113013	946.333428	
220	0.263483	0.077305	0.175938	0.097269	0.123995	0.502196	0.051352	0.892993	1.390303	0.119749	970.886097	
221	0.259116	0.072129	0.174376	0.096313	0.135302	0.503193	0.055747	0.892060	1.390724	0.123518	993.126819	
222	0.256670	0.074948	0.171940	0.096870	0.149694	0.505059	0.058781	0.889729	1.390173	0.120946	1010.360494	
223	0.254212	0.069569	0.171721	0.096307	0.147840	0.503583	0.071313	0.892553	1.390731	0.129994	1025.169114	
224	0.254263	0.073890	0.168588	0.092819	0.150506	0.500781	0.074876	0.889145	1.390410	0.136506	1035.818384	
225	0.250498	0.068534	0.167115	0.090396	0.143088	0.495972	0.076768	0.886796	1.392548	0.151423	1045.383053	
226	0.257631	0.089517	0.166889	0.093212	0.132281	0.497237	0.079911	0.890935	1.394572	0.168451	1054.575715	
227	0.260447	0.077674	0.174555	0.096166	0.121356	0.499511	0.094488	0.895705	1.396186	0.184638	1065.055738	
228	0.254891	0.063361	0.173190	0.090783	0.134902	0.493791	0.104591	0.890113	1.397129	0.190938	1077.252838	
229	0.258036	0.070542	0.173713	0.090235	0.142828	0.493426	0.111281	0.889863	1.399382	0.202717	1092.171349	
230	0.256670	0.066646	0.173627	0.090297	0.136721	0.494762	0.117944	0.891633	1.401643	0.212493	1108.057742	
231	0.261335	0.070537	0.175308	0.087931	0.139858	0.493382	0.133147	0.890539	1.400930	0.223838	1122.538013	
232	0.264358	0.076352	0.175936	0.088179	0.149596	0.492750	0.151245	0.890330	1.400635	0.236549	1137.314360	
233	0.264061	0.078771	0.175773	0.091121	0.167536	0.492583	0.175079	0.890248	1.401803	0.248763	1145.598208	
234	0.260659	0.063794	0.178558	0.089815	0.169642	0.492712	0.171434	0.890433	1.402077	0.256249	1145.994507	
235	0.262627	0.063329	0.179165	0.089166	0.169075	0.494531	0.169421	0.892258	1.403527	0.263003	1138.908650	
236	0.255098	0.067574	0.169727	0.086438	0.173425	0.493117	0.168320	0.890760	1.402419	0.267980	1127.886338	
237	0.247153	0.021533	0.170298	0.084703	0.174672	0.491608	0.167161	0.889238	1.396812	0.278113	1113.753585	
238	0.252076	0.012054	0.179490	0.082082	0.177573	0.488780	0.182681	0.886431	1.395606	0.289226	1097.620633	
239	0.252049	0.017986	0.182316	0.083112	0.188405	0.490348	0.203593	0.887776	1.396572	0.298037	1078.525746	
240	0.251868	0.043634	0.175821	0.085830	0.196170	0.492102	0.211374	0.889528	1.399578	0.309084	1068.281061	
241	0.257723	0.057405	0.176184	0.084139	0.203974	0.488699	0.227787	0.885644	1.405193	0.322874	1053.634432	
242	0.256238	0.046135	0.179383	0.083393	0.208549	0.487915	0.240269	0.884297	1.405255	0.331294	1041.403752	
243	0.254507	0.042072	0.179866	0.084124	0.212747	0.488534	0.251163	0.884336	1.405542	0.339703	1026.104576	
244	0.251984	0.035705	0.180631	0.084618	0.217357	0.488861	0.260704	0.884119	1.406594	0.348272	1008.749173	
245	0.248810	0.027620	0.181292	0.085053	0.220722	0.489323	0.270405	0.883838	1.406634	0.356537	995.934154	
246	0.250443	0.043865	0.175860	0.087162	0.225973	0.491089	0.279462	0.884989	1.407852	0.366076	980.577791	
247	0.252739	0.057981	0.171673	0.089414	0.231085	0.492682	0.288701	0.885884	1.408369	0.375992	965.207402	
248	0.254405	0.065453	0.170303	0.091697	0.235467	0.494316	0.298864	0.886551	1.408461	0.385541	954.524758	
249	0.257979	0.077878	0.167632	0.093982	0.239817	0.495887	0.308695	0.887036	1.408508	0.395773	943.667583	
250	0.260953	0.088583	0.165145	0.095883	0.244138	0.496950	0.317438	0.887116	1.408490	0.406374	941.726464	
251	0.263137	0.082880	0.172292	0.097198	0.248795	0.497593	0.332667	0.885781	1.407287	0.416198	941.404934	
252	0.267172	0.078112	0.181120	0.099501	0.252586	0.498932	0.350298	0.883980	1.405613	0.425405	945.144440	
253	0.276727	0.089480	0.182267	0.099205	0.254728	0.498576	0.359556	0.881754	1.404887	0.436434	952.956856	
254	0.270113	0.077436	0.181661	0.094578	0.259853	0.493147	0.358007	0.878315	1.403604	0.445473	966.236132	
255	0.263280	0.070107	0.180065	0.094656	0.262468	0.492444	0.365348	0.876351	1.401020	0.454205	975.979077	
256	0.259579	0.066054	0.180305	0.098349	0.268426	0.495717	0.382335	0.876266	1.397730	0.465037	993.358455	
257	0.265495	0.072840	0.183855	0.101003	0.275672	0.497013	0.395060	0.875824	1.397597	0.474812	1010.428647	
258	0.264963	0.074923	0.180623	0.097986	0.280921	0.489169	0.398724	0.868948	1.394392	0.483620	1031.960312	
259	0.262766	0.074083	0.177760	0.095864	0.286236	0.482631	0.403161	0.862788	1.391051	0.492375	1046.817942	
260	0.267165	0.069295	0.185962	0.099281	0.293332	0.491061	0.415435	0.869125	1.390179	0.504997	1063.920534	
261	0.269895	0.070998	0.188914	0.101996	0.301531	0.493544	0.427892	0.870007	1.386120	0.515853	1082.449864	
262	0.265837	0.061835	0.190417	0.101509	0.306010	0.492815	0.434750	0.868088	1.386026	0.525114	1096.813776	
263	0.261890	0.052241	0.192218	0.101738	0.313560	0.491962	0.446711	0.865251	1.386302	0.535023	1112.108190	
264	0.263626	0.056554	0.192062	0.102134	0.322037	0.489633	0.458163	0.861821	1.383443	0.544558	1114.857571	
265	0.263144	0.053034	0.193007	0.100839	0.329916	0.486229	0.460359	0.860930	1.378269	0.552869	1111.585360	
266	0.264506	0.055616	0.195346	0.105245	0.343636	0.486363	0.477244	0.859674	1.379674	0.564400	1096.997290	
267	0.262931	0.054070	0.197384	0.109451	0.359968	0.484108	0.494378	0.857871	1.377402	0.577362	1064.533045	
268	0.263983	0.048569	0.200221	0.106417	0.368872	0.478913	0.489271	0.857718	1.373673	0.586571	1028.273154	
269	0.267507	0.052002	0.203713	0.108763	0.381440	0.476981	0.495090	0.857943	1.374294	0.597028	987.922888	
270	0.272547	0.064948	0.205581	0.117360	0.399818	0.476364	0.517194	0.856295	1.376367	0.609573	944.034591	
271	0.274623	0.067082	0.209849	0.122206	0.413556	0.475900	0.534431	0.854730	1.376191	0.618867	891.266635	
272	0.274171	0.065223	0.215277	0.127049	0.427421	0.475875	0.549407	0.854330	1.376434	0.627964	827.587939	
273	0.277432	0.071308	0.219799	0.133976	0.443450	0.475800	0.559389	0.856176	1.377711	0.637997	763.746643	
274	0.275913	0.067482	0.228923	0.140619	0.460254	0.477415	0.573332	0.858614	1.381730	0.647980	679.775656	
275	0.274963	0.064244	0.239922	0.147755	0.478373	0.479590	0.590185	0.861100	1.386194	0.657296	585.139613	
276	0.278704	0.072012	0.248088	0.156408	0.498858	0.478963	0.601828	0.863091	1.386415	0.666688	491.792150	
277	0.284643	0.081149	0.257935	0.165549	0.520113	0.478811	0.613796	0.865358	1.387196	0.676195	385.614457	
278	0.282911	0.080891	0.272974	0.174439	0.541619	0.482059	0.626166	0.870690	1.391470	0.685917	278.734360	
279	0.295428	0.093710	0.287206	0.184134	0.567340	0.481038	0.640031	0.872077	1.394109	0.695704	187.518166	
280	0.311978	0.105893	0.303413	0.193256	0.594267	0.479455	0.653535	0.872723	1.395573	0.705635	115.178551	
281	0.331985	0.114637	0.325279	0.200690	0.622091	0.481215	0.664263	0.876683	1.397192	0.714993	64.374423	
282	0.355051	0.121744	0.338499	0.206821	0.640318	0.481891	0.674414	0.878093	1.399166	0.724526	25.105512	
283	0.373747	0.125832	0.351541	0.211764	0.657377	0.482369	0.684687	0.879017	1.401493	0.734584	10.185303	
284	0.385949	0.127412	0.368430	0.214636	0.676230	0.484280	0.694961	0.881532	1.401437	0.744707	4.710450	
285	0.406933	0.130161	0.385384	0.219297	0.695254	0.486941	0.708397	0.884453	1.400059	0.754479	1.599496	
286	0.427509	0.133511	0.403339	0.224236	0.715378	0.489290	0.718534	0.886971	1.400728	0.764318	-0.861331	
287	0.444219	0.137712	0.422552	0.228590	0.736083	0.491919	0.727318	0.889459	1.401434	0.773398	1.476230	
288	0.462160	0.142660	0.442525	0.233087	0.757023	0.495220	0.737238	0.892293	1.401871	0.783080	1.308797	
289	0.483855	0.147683	0.463671	0.237909	0.779077	0.498745	0.746227	0.894801	1.402377	0.792444	2.680771	
290	0.505925	0.153034	0.485885	0.242356	0.801588	0.502390	0.755030	0.896825	1.403693	0.801354	0.434730	
291	0.529495	0.158244	0.508832	0.246575	0.824251	0.506380	0.763414	0.898511	1.404849	0.810307	-0.569843	
292	0.550567	0.163208	0.532217	0.249707	0.846316	0.510395	0.772434	0.899920	1.406679	0.818824	3.321942	
293	0.572437	0.166973	0.556054	0.252008	0.868008	0.514500	0.780244	0.900759	1.408081	0.827735	2.405322	
294	0.594560	0.168757	0.579707	0.252684	0.888300	0.518444	0.789514	0.901780	1.409790	0.836233	2.005696	
295	0.613524	0.167623	0.602834	0.251284	0.906730	0.522044	0.798517	0.902792	1.411047	0.844632	0.728879	
296	0.628795	0.161596	0.626363	0.247276	0.923238	0.525501	0.807337	0.904071	1.412169	0.852676	-1.826100	
297	0.651058	0.154262	0.649306	0.242157	0.938315	0.528612	0.816894	0.905645	1.412833	0.861218	0.890678	
298	0.672937	0.143085	0.672507	0.234888	0.951483	0.531448	0.825751	0.907366	1.412840	0.869341	1.191198	
299	0.700374	0.133190	0.695530	0.226640	0.963070	0.533964	0.835504	0.909539	1.412252	0.877533	0.627467	
300	0.731329	0.125330	0.718925	0.217468	0.973208	0.536239	0.844594	0.911712	1.411445	0.885488	0.181953	
301	0.763565	0.118441	0.742824	0.207658	0.982290	0.538111	0.853456	0.913718	1.411226	0.894232	1.563768	
302	0.798644	0.114743	0.767696	0.197837	0.990304	0.540191	0.862877	0.916455	1.411195	0.903569	0.201688	
303	0.837995	0.116422	0.792325	0.188749	0.998680	0.541262	0.870752	0.917347	1.412416	0.913817	1.595236	
304	0.874256	0.114821	0.818727	0.179768	1.006798	0.542460	0.879751	0.918812	1.413047	0.924126	-0.286564	
305	0.908451	0.111590	0.846566	0.171372	1.015048	0.543682	0.887080	0.919740	1.412992	0.934492	1.044345	
306	0.941107	0.105818	0.876188	0.162665	1.023866	0.543605	0.893880	0.918832	1.411643	0.944088	1.104109	
307	0.972909	0.100609	0.905567	0.154796	1.031970	0.543308	0.899410	0.917497	1.409098	0.953765	-0.029201	
308	1.005794	0.103169	0.933647	0.151780	1.041033	0.546430	0.907529	0.920541	1.412095	0.964799	3.261645	
309	1.042099	0.102402	0.967356	0.146624	1.052213	0.546590	0.916625	0.920074	1.413502	0.974731	-0.087716	
310	1.070074	0.088858	1.001203	0.137458	1.059606	0.541937	0.920876	0.914150	1.408571	0.982943	0.491080	
311	NaN	NaN	NaN	NaN	NaN	NaN	NaN	NaN	1.403613	0.991295	0.847840	
312	NaN	NaN	NaN	NaN	NaN	NaN	NaN	NaN	1.399249	0.998955	-0.371975	
313	NaN	NaN	NaN	NaN	NaN	NaN	NaN	NaN	1.402364	1.009849	0.178121	
314	NaN	NaN	NaN	NaN	NaN	NaN	NaN	NaN	1.406079	1.020923	0.639001	
315	NaN	NaN	NaN	NaN	NaN	NaN	NaN	NaN	1.410129	1.031318	3.449825	
316	NaN	NaN	NaN	NaN	NaN	NaN	NaN	NaN	1.404426	1.040489	0.355193	
317	NaN	NaN	NaN	NaN	NaN	NaN	NaN	NaN	1.392856	1.048803	1.066488	
318	NaN	NaN	NaN	NaN	NaN	NaN	NaN	NaN	1.392737	1.057828	1.052810	
319	NaN	NaN	NaN	NaN	NaN	NaN	NaN	NaN	1.392534	1.066249	-0.046981	
320	NaN	NaN	NaN	NaN	NaN	NaN	NaN	NaN	1.389410	1.073968	0.786296	
321	NaN	NaN	NaN	NaN	NaN	NaN	NaN	NaN	1.388091	1.083406	-0.090443	
322	NaN	NaN	NaN	NaN	NaN	NaN	NaN	NaN	1.388515	1.095764	2.174436	
323	NaN	NaN	NaN	NaN	NaN	NaN	NaN	NaN	1.385898	1.101756	2.740682	
324	NaN	NaN	NaN	NaN	NaN	NaN	NaN	NaN	1.383660	1.111631	1.287944	
325	NaN	NaN	NaN	NaN	NaN	NaN	NaN	NaN	1.383653	1.125297	0.630811	
326	NaN	NaN	NaN	NaN	NaN	NaN	NaN	NaN	1.382924	1.136655	0.123262	
327	NaN	NaN	NaN	NaN	NaN	NaN	NaN	NaN	1.382719	1.145880	0.735876	
328	NaN	NaN	NaN	NaN	NaN	NaN	NaN	NaN	1.379085	1.154734	-0.014123	
329	NaN	NaN	NaN	NaN	NaN	NaN	NaN	NaN	1.372374	1.160442	1.942010	
330	NaN	NaN	NaN	NaN	NaN	NaN	NaN	NaN	1.375536	1.167741	0.913126	
331	NaN	NaN	NaN	NaN	NaN	NaN	NaN	NaN	1.379650	1.181345	0.361448	
332	NaN	NaN	NaN	NaN	NaN	NaN	NaN	NaN	1.378372	1.189288	1.306332	
333	NaN	NaN	NaN	NaN	NaN	NaN	NaN	NaN	1.377274	1.196893	-3.027665	
334	NaN	NaN	NaN	NaN	NaN	NaN	NaN	NaN	1.375151	1.209675	-1.459451	
335	NaN	NaN	NaN	NaN	NaN	NaN	NaN	NaN	1.379692	1.221477	2.387498	
336	NaN	NaN	NaN	NaN	NaN	NaN	NaN	NaN	1.384762	1.231451	2.255188	
337	NaN	NaN	NaN	NaN	NaN	NaN	NaN	NaN	1.381535	1.239434	-1.490315	
338	NaN	NaN	NaN	NaN	NaN	NaN	NaN	NaN	1.379762	1.246978	-1.179446	
339	NaN	NaN	NaN	NaN	NaN	NaN	NaN	NaN	1.384818	1.253336	-1.400022	
340	NaN	NaN	NaN	NaN	NaN	NaN	NaN	NaN	1.388865	1.258759	-0.691374	
341	NaN	NaN	NaN	NaN	NaN	NaN	NaN	NaN	1.390476	1.266639	-0.129958	
342	NaN	NaN	NaN	NaN	NaN	NaN	NaN	NaN	1.392247	1.275196	-0.028318	
343	NaN	NaN	NaN	NaN	NaN	NaN	NaN	NaN	1.393994	1.283481	-1.059537	
344	NaN	NaN	NaN	NaN	NaN	NaN	NaN	NaN	1.395161	1.292110	-1.313434	
345	NaN	NaN	NaN	NaN	NaN	NaN	NaN	NaN	1.396323	1.302068	-0.928433	
346	NaN	NaN	NaN	NaN	NaN	NaN	NaN	NaN	NaN	NaN	1.117285	
347	NaN	NaN	NaN	NaN	NaN	NaN	NaN	NaN	NaN	NaN	-0.282626	
348	NaN	NaN	NaN	NaN	NaN	NaN	NaN	NaN	NaN	NaN	-0.076737	
349	NaN	NaN	NaN	NaN	NaN	NaN	NaN	NaN	NaN	NaN	-2.077732	
350	NaN	NaN	NaN	NaN	NaN	NaN	NaN	NaN	NaN	NaN	-1.326862	
351	NaN	NaN	NaN	NaN	NaN	NaN	NaN	NaN	NaN	NaN	-1.952827	
352	NaN	NaN	NaN	NaN	NaN	NaN	NaN	NaN	NaN	NaN	-1.067704	
353	NaN	NaN	NaN	NaN	NaN	NaN	NaN	NaN	NaN	NaN	-0.591368	
354	NaN	NaN	NaN	NaN	NaN	NaN	NaN	NaN	NaN	NaN	-1.149347	
355	NaN	NaN	NaN	NaN	NaN	NaN	NaN	NaN	NaN	NaN	0.343690	
356	NaN	NaN	NaN	NaN	NaN	NaN	NaN	NaN	NaN	NaN	1.758697	
357	NaN	NaN	NaN	NaN	NaN	NaN	NaN	NaN	NaN	NaN	-0.490006	
358	NaN	NaN	NaN	NaN	NaN	NaN	NaN	NaN	NaN	NaN	1.306357	
359	NaN	NaN	NaN	NaN	NaN	NaN	NaN	NaN	NaN	NaN	-0.166407	
360	NaN	NaN	NaN	NaN	NaN	NaN	NaN	NaN	NaN	NaN	-1.106596	
361	NaN	NaN	NaN	NaN	NaN	NaN	NaN	NaN	NaN	NaN	-1.116877	
362	NaN	NaN	NaN	NaN	NaN	NaN	NaN	NaN	NaN	NaN	-1.709133	
363	NaN	NaN	NaN	NaN	NaN	NaN	NaN	NaN	NaN	NaN	-0.104165	
364	NaN	NaN	NaN	NaN	NaN	NaN	NaN	NaN	NaN	NaN	0.749248	
365	NaN	NaN	NaN	NaN	NaN	NaN	NaN	NaN	NaN	NaN	0.475401	
366	NaN	NaN	NaN	NaN	NaN	NaN	NaN	NaN	NaN	NaN	1.722891	
367	NaN	NaN	NaN	NaN	NaN	NaN	NaN	NaN	NaN	NaN	1.003035	
368	NaN	NaN	NaN	NaN	NaN	NaN	NaN	NaN	NaN	NaN	-0.723800	
369	NaN	NaN	NaN	NaN	NaN	NaN	NaN	NaN	NaN	NaN	-1.278194	
370	NaN	NaN	NaN	NaN	NaN	NaN	NaN	NaN	NaN	NaN	0.020011	
371	NaN	NaN	NaN	NaN	NaN	NaN	NaN	NaN	NaN	NaN	-0.144359	
372	NaN	NaN	NaN	NaN	NaN	NaN	NaN	NaN	NaN	NaN	-1.778232	
373	NaN	NaN	NaN	NaN	NaN	NaN	NaN	NaN	NaN	NaN	-0.430791	
374	NaN	NaN	NaN	NaN	NaN	NaN	NaN	NaN	NaN	NaN	1.089371	
375	NaN	NaN	NaN	NaN	NaN	NaN	NaN	NaN	NaN	NaN	-0.387753	
376	NaN	NaN	NaN	NaN	NaN	NaN	NaN	NaN	NaN	NaN	-0.543079	
377	NaN	NaN	NaN	NaN	NaN	NaN	NaN	NaN	NaN	NaN	0.065148	
378	NaN	NaN	NaN	NaN	NaN	NaN	NaN	NaN	NaN	NaN	-0.253084	
379	NaN	NaN	NaN	NaN	NaN	NaN	NaN	NaN	NaN	NaN	-1.316516	
380	NaN	NaN	NaN	NaN	NaN	NaN	NaN	NaN	NaN	NaN	0.295478	
381	NaN	NaN	NaN	NaN	NaN	NaN	NaN	NaN	NaN	NaN	-0.131480	
382	NaN	NaN	NaN	NaN	NaN	NaN	NaN	NaN	NaN	NaN	-0.460380	
383	NaN	NaN	NaN	NaN	NaN	NaN	NaN	NaN	NaN	NaN	-1.414736	
384	NaN	NaN	NaN	NaN	NaN	NaN	NaN	NaN	NaN	NaN	-1.129209	
385	NaN	NaN	NaN	NaN	NaN	NaN	NaN	NaN	NaN	NaN	-0.093902	
386	NaN	NaN	NaN	NaN	NaN	NaN	NaN	NaN	NaN	NaN	-1.395231	
387	NaN	NaN	NaN	NaN	NaN	NaN	NaN	NaN	NaN	NaN	-1.750368	
388	NaN	NaN	NaN	NaN	NaN	NaN	NaN	NaN	NaN	NaN	-2.570080	
389	NaN	NaN	NaN	NaN	NaN	NaN	NaN	NaN	NaN	NaN	-1.987301	
390	NaN	NaN	NaN	NaN	NaN	NaN	NaN	NaN	NaN	NaN	-1.267337	
391	NaN	NaN	NaN	NaN	NaN	NaN	NaN	NaN	NaN	NaN	1.125005	
392	NaN	NaN	NaN	NaN	NaN	NaN	NaN	NaN	NaN	NaN	0.117344	
393	NaN	NaN	NaN	NaN	NaN	NaN	NaN	NaN	NaN	NaN	-1.060267	
394	NaN	NaN	NaN	NaN	NaN	NaN	NaN	NaN	NaN	NaN	0.359144	
395	NaN	NaN	NaN	NaN	NaN	NaN	NaN	NaN	NaN	NaN	-0.074256	
396	NaN	NaN	NaN	NaN	NaN	NaN	NaN	NaN	NaN	NaN	-0.770161	
397	NaN	NaN	NaN	NaN	NaN	NaN	NaN	NaN	NaN	NaN	-0.628964	
398	NaN	NaN	NaN	NaN	NaN	NaN	NaN	NaN	NaN	NaN	-0.048871	
399	NaN	NaN	NaN	NaN	NaN	NaN	NaN	NaN	NaN	NaN	NaN	
400	NaN	NaN	NaN	NaN	NaN	NaN	NaN	NaN	NaN	NaN	NaN	
