Testing	// User ID
7-2-2025	// Evaluation date
IJ_Walk_BP2	6-2-2025	12:38:53:426	// Source file name and timestamp
100.000	// Sampling rate
4.000	// Data capture period



Sample #	Right_Foot_COM_X	Right_Foot_COM_Y	RightAnklePosX	RightAnklePosY	RightKnee.Pos.X	RightKneePosY	RightHip_PosX	RightHipPosY	ThoraxCOMPosY	ThoraxCOMPosX	GRF_MoundY	
0	NaN	NaN	NaN	NaN	NaN	NaN	NaN	NaN	NaN	NaN	1.652876	
1	NaN	NaN	NaN	NaN	NaN	NaN	NaN	NaN	NaN	NaN	0.635544	
2	NaN	NaN	NaN	NaN	NaN	NaN	NaN	NaN	NaN	NaN	2.662310	
3	NaN	NaN	NaN	NaN	NaN	NaN	NaN	NaN	NaN	NaN	1.407436	
4	NaN	NaN	NaN	NaN	NaN	NaN	NaN	NaN	NaN	NaN	0.890451	
5	NaN	NaN	NaN	NaN	NaN	NaN	NaN	NaN	NaN	NaN	-0.032557	
6	NaN	NaN	NaN	NaN	NaN	NaN	NaN	NaN	NaN	NaN	0.382324	
7	NaN	NaN	NaN	NaN	NaN	NaN	NaN	NaN	NaN	NaN	2.025462	
8	NaN	NaN	NaN	NaN	NaN	NaN	NaN	NaN	NaN	NaN	-0.254691	
9	NaN	NaN	NaN	NaN	NaN	NaN	NaN	NaN	NaN	NaN	0.190103	
10	NaN	NaN	NaN	NaN	NaN	NaN	NaN	NaN	NaN	NaN	3.239569	
11	NaN	NaN	NaN	NaN	NaN	NaN	NaN	NaN	NaN	NaN	-1.019626	
12	NaN	NaN	NaN	NaN	NaN	NaN	NaN	NaN	NaN	NaN	-0.036033	
13	NaN	NaN	NaN	NaN	NaN	NaN	NaN	NaN	NaN	NaN	0.923978	
14	NaN	NaN	NaN	NaN	NaN	NaN	NaN	NaN	NaN	NaN	0.771740	
15	NaN	NaN	NaN	NaN	NaN	NaN	NaN	NaN	NaN	NaN	0.485036	
16	NaN	NaN	NaN	NaN	NaN	NaN	NaN	NaN	NaN	NaN	1.189514	
17	NaN	NaN	NaN	NaN	NaN	NaN	NaN	NaN	NaN	NaN	0.806662	
18	NaN	NaN	NaN	NaN	NaN	NaN	NaN	NaN	NaN	NaN	0.454206	
19	NaN	NaN	NaN	NaN	NaN	NaN	NaN	NaN	NaN	NaN	1.681784	
20	NaN	NaN	NaN	NaN	NaN	NaN	NaN	NaN	NaN	NaN	0.971379	
21	NaN	NaN	NaN	NaN	NaN	NaN	NaN	NaN	NaN	NaN	0.503832	
22	NaN	NaN	NaN	NaN	NaN	NaN	NaN	NaN	NaN	NaN	1.093441	
23	NaN	NaN	NaN	NaN	NaN	NaN	NaN	NaN	NaN	NaN	-0.715939	
24	NaN	NaN	NaN	NaN	NaN	NaN	NaN	NaN	NaN	NaN	-1.661138	
25	NaN	NaN	NaN	NaN	NaN	NaN	NaN	NaN	NaN	NaN	-0.096298	
26	NaN	NaN	NaN	NaN	NaN	NaN	NaN	NaN	NaN	NaN	1.244376	
27	NaN	NaN	NaN	NaN	NaN	NaN	NaN	NaN	NaN	NaN	-0.607144	
28	NaN	NaN	NaN	NaN	NaN	NaN	NaN	NaN	NaN	NaN	-1.946990	
29	NaN	NaN	NaN	NaN	NaN	NaN	NaN	NaN	NaN	NaN	-0.547459	
30	NaN	NaN	NaN	NaN	NaN	NaN	NaN	NaN	NaN	NaN	-0.544929	
31	NaN	NaN	NaN	NaN	NaN	NaN	NaN	NaN	NaN	NaN	1.035489	
32	NaN	NaN	NaN	NaN	NaN	NaN	NaN	NaN	NaN	NaN	0.228747	
33	NaN	NaN	NaN	NaN	NaN	NaN	NaN	NaN	NaN	NaN	-1.117427	
34	NaN	NaN	NaN	NaN	NaN	NaN	NaN	NaN	NaN	NaN	1.055396	
35	NaN	NaN	NaN	NaN	NaN	NaN	NaN	NaN	NaN	NaN	1.595251	
36	NaN	NaN	NaN	NaN	NaN	NaN	NaN	NaN	NaN	NaN	0.915435	
37	NaN	NaN	NaN	NaN	NaN	NaN	NaN	NaN	NaN	NaN	2.241848	
38	NaN	NaN	NaN	NaN	NaN	NaN	NaN	NaN	NaN	NaN	1.792707	
39	NaN	NaN	NaN	NaN	NaN	NaN	NaN	NaN	NaN	NaN	1.273777	
40	NaN	NaN	NaN	NaN	NaN	NaN	NaN	NaN	NaN	NaN	1.993931	
41	NaN	NaN	NaN	NaN	NaN	NaN	NaN	NaN	NaN	NaN	1.145826	
42	NaN	NaN	NaN	NaN	NaN	NaN	NaN	NaN	NaN	NaN	0.399326	
43	NaN	NaN	NaN	NaN	NaN	NaN	NaN	NaN	NaN	NaN	1.466176	
44	NaN	NaN	NaN	NaN	NaN	NaN	NaN	NaN	NaN	NaN	0.467087	
45	NaN	NaN	NaN	NaN	NaN	NaN	NaN	NaN	NaN	NaN	0.042141	
46	NaN	NaN	NaN	NaN	NaN	NaN	NaN	NaN	NaN	NaN	0.825291	
47	NaN	NaN	NaN	NaN	NaN	NaN	NaN	NaN	NaN	NaN	0.516851	
48	NaN	NaN	NaN	NaN	NaN	NaN	NaN	NaN	NaN	NaN	-0.183139	
49	NaN	NaN	NaN	NaN	NaN	NaN	NaN	NaN	NaN	NaN	-0.100114	
50	NaN	NaN	NaN	NaN	NaN	NaN	NaN	NaN	NaN	NaN	-0.861388	
51	NaN	NaN	NaN	NaN	NaN	NaN	NaN	NaN	NaN	NaN	-0.524597	
52	NaN	NaN	NaN	NaN	NaN	NaN	NaN	NaN	NaN	NaN	1.262686	
53	NaN	NaN	NaN	NaN	NaN	NaN	NaN	NaN	NaN	NaN	1.398215	
54	NaN	NaN	NaN	NaN	NaN	NaN	NaN	NaN	NaN	NaN	1.517029	
55	NaN	NaN	NaN	NaN	NaN	NaN	NaN	NaN	NaN	NaN	-0.776949	
56	NaN	NaN	NaN	NaN	NaN	NaN	NaN	NaN	NaN	NaN	0.880660	
57	-1.910767	0.120038	-1.973749	0.161145	-1.921580	0.604027	-2.116766	0.964642	NaN	NaN	0.869714	
58	-1.867387	0.129544	-1.937025	0.160068	-1.908554	0.605181	-2.109176	0.962778	NaN	NaN	1.002386	
59	-1.821971	0.145559	-1.898550	0.158278	-1.892390	0.604301	-2.093914	0.961334	NaN	NaN	1.378833	
60	-1.780681	0.128862	-1.852931	0.158325	-1.873148	0.603968	-2.075561	0.960410	NaN	NaN	1.515973	
61	-1.743743	0.135877	-1.820698	0.153768	-1.866450	0.597514	-2.070539	0.953029	NaN	NaN	1.882534	
62	-1.713624	0.149796	-1.794357	0.152689	-1.859078	0.594048	-2.065546	0.948175	NaN	NaN	2.707244	
63	-1.683987	0.156091	-1.765228	0.152402	-1.850188	0.590295	-2.056807	0.944396	NaN	NaN	0.523493	
64	-1.653541	0.163073	-1.735043	0.153434	-1.845185	0.585649	-2.043517	0.944501	NaN	NaN	1.609621	
65	-1.622603	0.168150	-1.704397	0.158410	-1.827978	0.586974	-2.031479	0.942842	NaN	NaN	1.048319	
66	-1.598892	0.170935	-1.680729	0.159740	-1.814750	0.585203	-2.026012	0.936550	NaN	NaN	0.702071	
67	-1.575334	0.167612	-1.656530	0.162392	-1.810479	0.581092	-2.026589	0.929477	NaN	NaN	1.702174	
68	-1.551981	0.163946	-1.632176	0.166849	-1.802741	0.579028	-2.025188	0.923357	NaN	NaN	-1.456099	
69	-1.536584	0.157911	-1.616317	0.165030	-1.799268	0.571761	-2.019059	0.917926	NaN	NaN	0.563497	
70	-1.525269	0.166438	-1.606067	0.159411	-1.786582	0.567353	-2.007593	0.912734	NaN	NaN	1.649364	
71	-1.516467	0.168427	-1.598124	0.153532	-1.775150	0.562961	-1.998252	0.906961	NaN	NaN	1.371327	
72	-1.506455	0.160807	-1.587920	0.149544	-1.761258	0.560585	-1.976292	0.909667	1.431625	-1.851004	2.151463	
73	-1.498812	0.156488	-1.579997	0.144692	-1.734652	0.563108	-1.939167	0.918324	1.431114	-1.835374	2.095810	
74	-1.494460	0.148201	-1.575347	0.141563	-1.709695	0.566895	-1.926959	0.914224	1.433600	-1.823291	0.967591	
75	-1.492570	0.131414	-1.572356	0.137848	-1.699896	0.565308	-1.935575	0.900365	1.429042	-1.818742	1.481730	
76	-1.491442	0.133537	-1.572371	0.130096	-1.698687	0.557896	-1.929507	0.896281	1.423266	-1.812113	2.100351	
77	-1.489718	0.129099	-1.571972	0.122658	-1.697910	0.550539	-1.926585	0.890338	1.417255	-1.809123	1.175618	
78	-1.481835	0.124506	-1.564878	0.116214	-1.683437	0.546236	-1.905926	0.890123	1.416828	-1.793081	1.057408	
79	-1.473898	0.121651	-1.557008	0.112107	-1.660780	0.545966	-1.863270	0.901771	1.423283	-1.759351	0.052721	
80	-1.470401	0.115056	-1.553597	0.109676	-1.644725	0.546371	-1.838443	0.906932	1.425714	-1.740158	1.811727	
81	-1.462777	0.109294	-1.546087	0.109169	-1.630418	0.547221	-1.825939	0.906773	1.425780	-1.730111	1.690582	
82	-1.462654	0.105173	-1.546788	0.105362	-1.618135	0.545722	-1.813852	0.904865	1.422489	-1.723112	-0.047226	
83	-1.467700	0.103220	-1.553075	0.101864	-1.608400	0.544526	-1.800233	0.905714	1.421393	-1.707605	1.182359	
84	-1.470808	0.089379	-1.552784	0.100648	-1.595363	0.544708	-1.788429	0.905336	1.424473	-1.690737	0.956689	
85	-1.462099	0.090216	-1.545084	0.100586	-1.585825	0.544808	-1.780062	0.904950	1.427166	-1.677843	2.652981	
86	-1.462361	0.092282	-1.546237	0.100942	-1.569792	0.546358	-1.763410	0.906934	1.427920	-1.661514	2.054547	
87	-1.457400	0.090717	-1.540253	0.101982	-1.554511	0.547704	-1.737493	0.913684	1.431358	-1.646044	1.956022	
88	-1.451627	0.089425	-1.533069	0.104635	-1.538951	0.550538	-1.716512	0.919076	1.436989	-1.628119	1.153053	
89	-1.454081	0.088529	-1.535860	0.101713	-1.538108	0.547725	-1.715311	0.916386	1.433192	-1.624557	0.759613	
90	-1.456177	0.079518	-1.536863	0.097759	-1.538531	0.543799	-1.709053	0.915606	1.429524	-1.623002	0.639560	
91	-1.457661	0.080946	-1.538242	0.100509	-1.524175	0.546228	-1.687067	0.921356	1.435732	-1.599497	1.108282	
92	-1.459862	0.082517	-1.540729	0.101288	-1.512834	0.546317	-1.667401	0.924814	1.439581	-1.580243	0.584592	
93	-1.460037	0.080216	-1.540388	0.099833	-1.507208	0.544569	-1.657574	0.924543	1.439967	-1.571041	1.919198	
94	-1.456673	0.079537	-1.535945	0.102103	-1.498666	0.546510	-1.643244	0.928621	1.442174	-1.556673	2.042388	
95	-1.448830	0.081007	-1.527206	0.105591	-1.488506	0.549779	-1.619147	0.936919	1.448930	-1.537389	2.194961	
96	-1.444973	0.082135	-1.523669	0.105858	-1.481442	0.549669	-1.599020	0.940923	1.453848	-1.522497	4.409787	
97	-1.443146	0.084341	-1.522567	0.106463	-1.474739	0.549678	-1.584102	0.943296	1.457271	-1.507944	1.565430	
98	-1.442185	0.081908	-1.520187	0.107309	-1.468505	0.550044	-1.569393	0.945959	1.460833	-1.493418	1.564646	
99	-1.441759	0.079917	-1.518798	0.107538	-1.463561	0.549806	-1.555869	0.947821	1.464011	-1.479859	0.546969	
100	-1.441196	0.081374	-1.519011	0.107231	-1.459618	0.548949	-1.544918	0.948543	1.466307	-1.466842	0.760045	
101	-1.442165	0.080370	-1.519772	0.106690	-1.456632	0.547882	-1.534824	0.948921	1.468089	-1.455479	-0.246800	
102	-1.442705	0.080917	-1.520902	0.106013	-1.454521	0.546772	-1.526282	0.948939	1.469015	-1.444502	0.949572	
103	-1.445133	0.078208	-1.522374	0.105457	-1.452425	0.545693	-1.518115	0.948854	1.469875	-1.433835	1.142824	
104	-1.445771	0.080186	-1.524004	0.105329	-1.450243	0.544985	-1.509557	0.949079	1.470619	-1.423094	0.579589	
105	-1.444760	0.082575	-1.524114	0.105190	-1.448769	0.544645	-1.501117	0.949507	1.471155	-1.413471	1.402028	
106	-1.445921	0.080152	-1.524416	0.104493	-1.448737	0.543967	-1.491688	0.949642	1.471160	-1.405844	0.842391	
107	-1.447102	0.080756	-1.526018	0.103902	-1.448025	0.543042	-1.483895	0.949064	1.470642	-1.398246	1.554762	
108	-1.446220	0.083240	-1.524670	0.107828	-1.441185	0.545928	-1.466536	0.952977	1.474674	-1.381954	1.886974	
109	-1.446184	0.086479	-1.525292	0.109928	-1.436070	0.546854	-1.452004	0.954721	1.477455	-1.367144	1.798369	
110	-1.452824	0.082040	-1.530369	0.108650	-1.433726	0.544046	-1.445353	0.952021	1.475569	-1.360450	2.688153	
111	-1.454867	0.082273	-1.530393	0.113563	-1.425844	0.547172	-1.431266	0.955022	1.479510	-1.347331	1.098651	
112	-1.461752	0.080227	-1.538218	0.109586	-1.430110	0.542348	-1.427477	0.950087	1.478479	-1.344747	-0.225098	
113	-1.462157	0.077794	-1.539620	0.104565	-1.435086	0.538159	-1.418192	0.945800	1.476349	-1.336674	0.826829	
114	-1.461898	0.076620	-1.538341	0.105760	-1.429294	0.538241	-1.408863	0.945837	1.475604	-1.323887	1.474220	
115	-1.460120	0.081332	-1.537913	0.107872	-1.426907	0.539826	-1.401272	0.947337	1.476776	-1.312034	1.714686	
116	-1.456846	0.087371	-1.536942	0.108865	-1.425328	0.540559	-1.387993	0.947568	1.476461	-1.299303	0.379097	
117	-1.458856	0.083226	-1.536973	0.107429	-1.419454	0.537356	-1.368778	0.942932	1.473755	-1.282620	1.368536	
118	-1.454983	0.084995	-1.534276	0.106713	-1.417556	0.536746	-1.353846	0.940530	1.471755	-1.268153	0.938285	
119	-1.448672	0.083162	-1.528571	0.104318	-1.415459	0.535481	-1.343032	0.938032	1.470118	-1.258594	2.299686	
120	-1.440130	0.080853	-1.520567	0.101241	-1.413914	0.534343	-1.339761	0.936572	1.468592	-1.250551	1.738246	
121	-1.435767	0.072051	-1.512492	0.099929	-1.412355	0.534602	-1.337899	0.936816	1.466809	-1.237677	0.557723	
122	-1.440380	0.070574	-1.518115	0.096192	-1.413461	0.529826	-1.338385	0.932099	1.463568	-1.231442	0.737527	
123	-1.438851	0.078452	-1.520969	0.095758	-1.408961	0.527573	-1.327882	0.928722	1.459531	-1.226450	2.008643	
124	-1.445131	0.061653	-1.519698	0.094594	-1.402927	0.525097	-1.316993	0.925343	1.456910	-1.211592	1.050597	
125	-1.448020	0.056821	-1.521498	0.092587	-1.401308	0.522078	-1.303937	0.919675	1.456491	-1.190554	1.439946	
126	-1.441040	0.066117	-1.519475	0.091107	-1.401410	0.521242	-1.298867	0.917520	1.453513	-1.177944	2.266530	
127	-1.441248	0.066474	-1.519886	0.090369	-1.399233	0.519789	-1.295553	0.915832	1.444530	-1.172344	1.443927	
128	-1.439535	0.067431	-1.519052	0.089520	-1.395428	0.518153	-1.286542	0.912862	1.434664	-1.167629	0.311978	
129	-1.438617	0.062276	-1.515895	0.089997	-1.388533	0.517492	-1.274966	0.910829	1.434194	-1.157357	1.164178	
130	-1.441923	0.060758	-1.518305	0.090384	-1.383019	0.515479	-1.265428	0.907774	1.426117	-1.149868	1.603488	
131	-1.445070	0.062673	-1.521802	0.091498	-1.375019	0.512760	-1.249201	0.902475	1.421273	-1.140088	1.823948	
132	-1.444305	0.066571	-1.521991	0.093275	-1.363276	0.510173	-1.229617	0.897148	1.421560	-1.124310	0.574589	
133	-1.443986	0.062778	-1.519259	0.094210	-1.353104	0.508184	-1.214302	0.893427	1.420775	-1.108327	1.079651	
134	-1.441807	0.068476	-1.517243	0.099839	-1.340644	0.509476	-1.195414	0.892322	1.425795	-1.087758	1.681486	
135	-1.440602	0.072702	-1.516037	0.104640	-1.325641	0.508045	-1.173627	0.888453	1.427790	-1.066430	1.614826	
136	-1.442954	0.071133	-1.517612	0.104403	-1.316291	0.502450	-1.163046	0.882409	1.421004	-1.053574	0.992096	
137	-1.439241	0.068332	-1.513887	0.101607	-1.312929	0.499874	-1.167854	0.882859	1.410935	-1.051139	1.463256	
138	-1.438142	0.064242	-1.508769	0.105154	-1.303824	0.501348	-1.154355	0.882830	1.405558	-1.041815	1.870874	
139	-1.438628	0.061557	-1.505136	0.109609	-1.290275	0.500464	-1.143212	0.882963	1.403335	-1.026936	1.402894	
140	-1.439772	0.065374	-1.504372	0.115958	-1.281133	0.502104	-1.127074	0.882019	1.401402	-1.016386	1.932186	
141	-1.439032	0.071887	-1.504398	0.120684	-1.274095	0.502612	-1.108165	0.877383	1.400065	-1.005474	1.445083	
142	-1.438579	0.072446	-1.497772	0.129781	-1.255866	0.504319	-1.083883	0.875998	1.398968	-0.989834	1.275667	
143	-1.451841	0.058857	-1.490719	0.143233	-1.228597	0.504076	-1.054549	0.875069	1.400669	-0.973911	1.954226	
144	-1.455197	0.054241	-1.483334	0.150136	-1.207026	0.500299	-1.036969	0.873247	1.403882	-0.957068	2.938572	
145	-1.445767	0.066740	-1.474170	0.155667	-1.183745	0.494247	-1.023606	0.871694	1.407607	-0.939083	1.538477	
146	-1.434025	0.077213	-1.462530	0.161634	-1.161756	0.491043	-1.011593	0.872613	1.406200	-0.923153	0.919177	
147	-1.426942	0.077591	-1.446500	0.166976	-1.137782	0.488887	-1.005375	0.877023	1.405634	-0.909925	3.188270	
148	-1.427715	0.077439	-1.426014	0.176645	-1.106587	0.487971	-0.991953	0.881634	1.407625	-0.892729	3.649082	
149	-1.412438	0.101592	-1.407757	0.193059	-1.071542	0.486242	-0.981549	0.886219	1.412185	-0.878754	-0.197983	
150	-1.375060	0.121364	-1.388552	0.202708	-1.042319	0.483886	-0.978057	0.888751	1.413305	-0.871409	2.908450	
151	-1.365253	0.127106	-1.365964	0.212043	-1.013138	0.484677	-0.963528	0.891555	1.415221	-0.857175	2.042922	
152	-1.366550	0.128444	-1.342257	0.220723	-0.983998	0.486026	-0.944487	0.894036	1.419297	-0.840352	2.429115	
153	-1.343024	0.139229	-1.316896	0.228770	-0.955146	0.489149	-0.929422	0.898249	1.423277	-0.827018	2.782690	
154	-1.316111	0.148668	-1.296102	0.235130	-0.929085	0.488227	-0.910095	0.897570	1.424871	-0.812390	1.022222	
155	-1.298715	0.152008	-1.275887	0.238757	-0.905881	0.487447	-0.883001	0.896694	1.428212	-0.801374	0.967516	
156	-1.278668	0.153933	-1.250521	0.240888	-0.880171	0.488789	-0.861544	0.898411	1.432500	-0.786753	1.789384	
157	-1.247488	0.156722	-1.217683	0.244344	-0.848794	0.494129	-0.854213	0.904097	1.434911	-0.774928	1.134565	
158	-1.189820	0.165508	-1.173962	0.249714	-0.807214	0.502799	-0.867209	0.907661	1.430914	-0.773516	1.695829	
159	-1.149049	0.168655	-1.133733	0.252568	-0.770023	0.510233	-0.858119	0.909951	1.433727	-0.762072	2.203452	
160	-1.138864	0.161088	-1.106239	0.251961	-0.746673	0.515830	-0.827684	0.917667	1.442526	-0.739485	1.525641	
161	-1.085821	0.167942	-1.076666	0.252476	-0.721491	0.522355	-0.806380	0.923479	1.449361	-0.720698	3.516594	
162	-1.036186	0.169030	-1.041587	0.248524	-0.694531	0.528792	-0.778228	0.930240	1.454915	-0.703829	1.446454	
163	-0.996569	0.166960	-1.010322	0.243439	-0.672276	0.534529	-0.761143	0.934883	1.457828	-0.691907	1.347757	
164	-0.960138	0.161807	-0.976839	0.237286	-0.649969	0.540872	-0.760254	0.935860	1.460578	-0.683480	0.061668	
165	-0.926140	0.153814	-0.941200	0.230730	-0.628451	0.548846	-0.759555	0.937423	1.463315	-0.673734	1.644755	
166	-0.883852	0.149762	-0.906092	0.224089	-0.606799	0.554836	-0.731789	0.945416	1.466789	-0.657636	3.641026	
167	-0.846176	0.142577	-0.868423	0.217254	-0.585480	0.562040	-0.717262	0.950382	1.470966	-0.643958	2.225899	
168	-0.803570	0.135813	-0.830054	0.209501	-0.568207	0.570642	-0.718069	0.952377	1.475637	-0.634632	2.609090	
169	-0.759955	0.128514	-0.792335	0.199924	-0.548507	0.573470	-0.698778	0.955032	1.476169	-0.620612	0.586692	
170	-0.715185	0.124013	-0.756828	0.189657	-0.531177	0.574454	-0.682096	0.955769	1.478916	-0.607141	1.675611	
171	-0.669398	0.119897	-0.721594	0.177593	-0.518626	0.574850	-0.684582	0.949861	1.476568	-0.598558	0.638390	
172	-0.624555	0.108559	-0.675411	0.167924	-0.502215	0.579034	-0.677804	0.949636	1.475283	-0.588492	2.161907	
173	-0.577947	0.103132	-0.630272	0.160808	-0.483106	0.581941	-0.661125	0.951386	1.475093	-0.576062	2.572698	
174	-0.532723	0.102595	-0.591238	0.153017	-0.468057	0.581777	-0.653458	0.947555	1.473104	-0.565412	-0.191403	
175	-0.483825	0.106402	-0.550656	0.144463	-0.455424	0.580286	-0.642588	0.945154	1.471719	-0.553837	1.310944	
176	-0.439333	0.105228	-0.508291	0.139464	-0.441756	0.580550	-0.628190	0.945822	1.473616	-0.539491	0.654422	
177	-0.399230	0.095807	-0.466409	0.134596	-0.429409	0.579100	-0.620069	0.942179	1.473403	-0.526777	0.182027	
178	-0.353675	0.101529	-0.425016	0.131436	-0.419724	0.577426	-0.621329	0.934445	1.470376	-0.516437	0.892873	
179	-0.308357	0.109871	-0.382961	0.130429	-0.406726	0.575834	-0.612179	0.930703	1.468554	-0.504503	1.595491	
180	-0.268723	0.109212	-0.342912	0.132252	-0.390012	0.575833	-0.595540	0.930712	1.466584	-0.491953	0.289670	
181	-0.231226	0.121861	-0.308539	0.133628	-0.375718	0.574591	-0.579584	0.930390	1.463336	-0.479914	1.710755	
182	-0.193614	0.126189	-0.272061	0.133557	-0.361380	0.570509	-0.566569	0.925566	1.462002	-0.466945	3.596074	
183	-0.155495	0.132504	-0.234631	0.137641	-0.346619	0.569403	-0.553492	0.923492	1.461829	-0.452565	0.622042	
184	-0.121715	0.141126	-0.201700	0.139856	-0.334177	0.565820	-0.545506	0.917274	1.455008	-0.440231	2.406634	
185	-0.089082	0.148164	-0.169870	0.141300	-0.320662	0.561079	-0.532476	0.912152	1.447557	-0.431613	2.997885	
186	-0.057841	0.150426	-0.138916	0.142754	-0.307741	0.555592	-0.522720	0.904775	1.440269	-0.420651	2.578092	
187	-0.031706	0.155996	-0.112698	0.145240	-0.294320	0.552623	-0.512728	0.899708	1.437372	-0.406937	2.121922	
188	-0.009465	0.166051	-0.089623	0.147159	-0.281843	0.549669	-0.501629	0.895881	1.436226	-0.389444	1.143001	
189	0.010956	0.165809	-0.069057	0.147292	-0.269277	0.545897	-0.489323	0.891924	1.433617	-0.374563	0.739880	
190	0.029062	0.165697	-0.050687	0.146209	-0.253898	0.543319	-0.474416	0.889032	1.431013	-0.361842	2.409526	
191	0.044402	0.161075	-0.035651	0.143496	-0.238019	0.541062	-0.455730	0.888462	1.432132	-0.345890	0.514347	
192	0.056814	0.156731	-0.023693	0.141596	-0.221572	0.541409	-0.431719	0.893021	1.436225	-0.328801	3.833604	
193	0.065200	0.154210	-0.015068	0.137665	-0.205701	0.540986	-0.417948	0.891211	1.435092	-0.315924	-0.444736	
194	0.071571	0.143592	-0.009368	0.131020	-0.192398	0.537843	-0.413298	0.883089	1.427972	-0.308583	1.931854	
195	0.075166	0.138949	-0.005706	0.124922	-0.178171	0.536329	-0.399520	0.881249	1.425691	-0.294396	2.052660	
196	0.078613	0.134088	-0.002470	0.120046	-0.162680	0.536371	-0.374396	0.886660	1.429541	-0.275023	1.038925	
197	0.081773	0.124214	0.000099	0.116756	-0.148879	0.537226	-0.350291	0.892768	1.430441	-0.260570	0.194489	
198	0.085821	0.120718	0.003944	0.112303	-0.134423	0.536388	-0.340522	0.889168	1.426820	-0.248956	0.093898	
199	0.091622	0.112761	0.009580	0.106135	-0.122420	0.532258	-0.328836	0.885027	1.423579	-0.239632	2.393602	
200	0.100297	0.109424	0.017548	0.102694	-0.109852	0.530221	-0.314253	0.884235	1.421731	-0.229143	2.404963	
201	0.107321	0.098100	0.024910	0.100226	-0.095174	0.529866	-0.300748	0.883282	1.421639	-0.214829	103.395919	
202	0.110847	0.094036	0.028512	0.098834	-0.078546	0.531903	-0.287273	0.883543	1.422772	-0.197816	329.887026	
203	0.113319	0.089543	0.031753	0.099282	-0.063973	0.534993	-0.273428	0.886041	1.424597	-0.182405	364.311127	
204	0.118504	0.093346	0.036125	0.102305	-0.047543	0.540466	-0.252295	0.894060	1.429348	-0.164970	486.499944	
205	0.122430	0.091988	0.039271	0.100535	-0.033807	0.540592	-0.236215	0.895395	1.428797	-0.150239	538.210604	
206	0.122277	0.083986	0.041303	0.099813	-0.021850	0.541388	-0.223034	0.896745	1.431176	-0.136059	587.805277	
207	0.124217	0.087821	0.043050	0.103636	-0.007683	0.546708	-0.201074	0.905946	1.438989	-0.123506	609.641047	
208	0.127663	0.096045	0.043571	0.104409	0.004481	0.548679	-0.186629	0.909118	1.441522	-0.111383	687.179688	
209	0.126886	0.083663	0.046155	0.100968	0.012983	0.545765	-0.180652	0.905380	1.438952	-0.097329	756.906075	
210	0.127518	0.082938	0.046058	0.098600	0.020973	0.543924	-0.169853	0.905074	1.437481	-0.083699	824.403222	
211	0.127471	0.084290	0.045757	0.099438	0.029812	0.545179	-0.151726	0.910577	1.441661	-0.068877	897.144023	
212	0.128162	0.086048	0.046587	0.101916	0.039884	0.547858	-0.127508	0.919026	1.446788	-0.051465	958.139623	
213	0.126205	0.080987	0.045860	0.099508	0.047487	0.545543	-0.118072	0.917195	1.446198	-0.041063	1002.142072	
214	0.125720	0.077603	0.046383	0.098897	0.053910	0.544914	-0.106605	0.918536	1.447322	-0.030122	1037.898287	
215	0.128552	0.080428	0.048565	0.100090	0.058491	0.546074	-0.096248	0.922123	1.448226	-0.018021	1060.932848	
216	0.129108	0.081313	0.048889	0.100516	0.063532	0.546380	-0.091432	0.922350	1.451535	-0.004689	1065.506845	
217	0.128160	0.079527	0.048615	0.100603	0.069552	0.546216	-0.077620	0.924907	1.456781	0.008846	1069.267168	
218	0.128680	0.083734	0.049111	0.105231	0.077467	0.550408	-0.051782	0.933812	1.464222	0.024972	1061.525821	
219	0.129417	0.086816	0.049934	0.108722	0.086153	0.553319	-0.030441	0.939194	1.469732	0.042069	1053.199862	
220	0.128425	0.081706	0.050067	0.106168	0.090823	0.550265	-0.015039	0.940036	1.471585	0.053987	1033.461751	
221	0.130137	0.083156	0.050039	0.103341	0.090405	0.547525	-0.008775	0.939833	1.472374	0.065391	1007.078982	
222	0.133373	0.087993	0.050003	0.100474	0.089712	0.544757	-0.001510	0.939702	1.471979	0.077314	980.362488	
223	0.133926	0.087313	0.050055	0.098069	0.089863	0.542229	0.007274	0.939636	1.474399	0.089477	949.391063	
224	0.131218	0.080286	0.050333	0.097758	0.092592	0.541600	0.016168	0.940610	1.478519	0.101573	916.146162	
225	0.132319	0.081273	0.050559	0.096464	0.096719	0.539939	0.029255	0.941311	1.479918	0.113806	885.927248	
226	0.132319	0.082420	0.049767	0.095973	0.100846	0.538889	0.046221	0.942433	1.479357	0.125091	862.736321	
227	0.131836	0.084298	0.048237	0.095748	0.102744	0.538254	0.058175	0.943026	1.478454	0.138441	834.973195	
228	0.132874	0.085668	0.049731	0.098276	0.103739	0.540715	0.067832	0.946556	1.483023	0.150670	812.191467	
229	0.130640	0.076440	0.052484	0.101193	0.109721	0.542984	0.080786	0.949741	1.485627	0.161478	790.349602	
230	0.132482	0.080980	0.051132	0.098362	0.114495	0.539603	0.096853	0.947129	1.482925	0.173892	777.100843	
231	0.130691	0.075702	0.052197	0.100055	0.116469	0.541285	0.106417	0.949065	1.483506	0.185678	761.619449	
232	0.132385	0.077868	0.053161	0.100338	0.123136	0.540481	0.107453	0.948918	1.482205	0.198432	749.747761	
233	0.135787	0.084455	0.053855	0.101667	0.130508	0.540697	0.118630	0.949605	1.483024	0.213380	743.104833	
234	0.131476	0.082679	0.052212	0.105663	0.132604	0.544056	0.138789	0.952595	1.485629	0.225704	730.413602	
235	0.127560	0.079952	0.049168	0.104771	0.132452	0.542493	0.144734	0.951224	1.485629	0.237985	724.809884	
236	0.131913	0.080651	0.049965	0.097436	0.125839	0.536638	0.143581	0.945625	1.480679	0.247780	722.286561	
237	0.131673	0.070002	0.053693	0.095462	0.128019	0.534724	0.161737	0.942533	1.478595	0.260360	717.664334	
238	0.134004	0.075183	0.055800	0.100608	0.140055	0.537374	0.191068	0.943015	1.480084	0.272868	720.403728	
239	0.131592	0.070151	0.056132	0.101971	0.145538	0.537465	0.205472	0.941948	1.478683	0.284005	725.046505	
240	0.130280	0.071432	0.054560	0.102673	0.148472	0.537204	0.217795	0.940211	1.477863	0.297965	735.345744	
241	0.127798	0.064426	0.054801	0.102213	0.147132	0.537430	0.224024	0.938909	1.475357	0.310898	747.297628	
242	0.127932	0.059998	0.055372	0.098858	0.145289	0.534820	0.228880	0.935093	1.470995	0.324154	762.073040	
243	0.134822	0.071209	0.057035	0.097425	0.151336	0.532161	0.242392	0.931029	1.471395	0.339322	782.789852	
244	0.136769	0.072922	0.058208	0.097109	0.155236	0.531162	0.253608	0.928287	1.469987	0.351359	805.494419	
245	0.138540	0.073270	0.059909	0.097458	0.156998	0.531778	0.262856	0.926728	1.466005	0.362333	831.272240	
246	0.138604	0.073531	0.059793	0.097274	0.163959	0.529666	0.276589	0.922750	1.463109	0.375688	860.076925	
247	0.135969	0.068572	0.059163	0.096868	0.171824	0.526989	0.290653	0.918210	1.460865	0.390449	889.108672	
248	0.136979	0.070485	0.059882	0.098223	0.174524	0.528221	0.301757	0.916369	1.458007	0.403925	916.283951	
249	0.137326	0.071223	0.060455	0.099830	0.179544	0.528693	0.311714	0.915226	1.454476	0.415251	943.081993	
250	0.136601	0.068502	0.061169	0.100375	0.187961	0.526853	0.327413	0.911034	1.451719	0.427819	970.101940	
251	0.139882	0.075664	0.061464	0.100802	0.195888	0.524943	0.341263	0.906832	1.448998	0.440918	1001.361740	
252	0.138001	0.068982	0.063333	0.102505	0.204425	0.524665	0.354961	0.904313	1.445503	0.453658	1029.203519	
253	0.139169	0.073792	0.063899	0.106169	0.215067	0.524947	0.367653	0.904041	1.442692	0.467009	1054.965376	
254	0.139784	0.074345	0.064782	0.107279	0.224887	0.522838	0.377802	0.901849	1.441390	0.481586	1079.033590	
255	0.140367	0.074272	0.066375	0.109171	0.232726	0.522571	0.387852	0.900210	1.439114	0.494637	1096.986736	
256	0.141444	0.075241	0.068351	0.111996	0.243503	0.521892	0.401252	0.898527	1.437463	0.507224	1107.390593	
257	0.143604	0.079287	0.071037	0.117188	0.258644	0.521568	0.413928	0.899417	1.437262	0.520006	1107.788807	
258	0.141149	0.071975	0.075818	0.122466	0.274403	0.521483	0.428095	0.900004	1.436866	0.533220	1102.938424	
259	0.141948	0.072680	0.078045	0.125249	0.286534	0.519169	0.441709	0.897377	1.434685	0.544390	1092.081688	
260	0.143291	0.075820	0.080968	0.130329	0.299369	0.518996	0.455482	0.897040	1.431981	0.557105	1075.296259	
261	0.145305	0.077358	0.086669	0.136744	0.315486	0.519476	0.471785	0.897330	1.432893	0.572454	1049.837775	
262	0.146958	0.080079	0.091877	0.143248	0.332694	0.518594	0.487070	0.897207	1.433396	0.587759	1017.340124	
263	0.149616	0.083089	0.098996	0.150247	0.352515	0.517136	0.503160	0.897537	1.435127	0.601189	969.263154	
264	0.149048	0.078205	0.107566	0.155260	0.370097	0.515744	0.516181	0.897954	1.436483	0.614995	910.258841	
265	0.150438	0.079827	0.115021	0.162102	0.389647	0.513459	0.529080	0.898337	1.438387	0.629714	838.339042	
266	0.147506	0.073980	0.128383	0.170740	0.414581	0.512728	0.546931	0.900321	1.440117	0.642822	753.401639	
267	0.155053	0.085985	0.142917	0.180982	0.441177	0.512499	0.567834	0.902192	1.442658	0.655461	646.992954	
268	0.163339	0.093168	0.159806	0.188684	0.468738	0.510291	0.583826	0.903652	1.444561	0.669049	505.528500	
269	0.168436	0.097627	0.176129	0.195745	0.494241	0.508307	0.601254	0.903985	1.447816	0.682913	351.396678	
270	0.176549	0.107035	0.193763	0.203918	0.519487	0.508596	0.621539	0.905548	1.450555	0.695493	224.315560	
271	0.200249	0.124500	0.213376	0.213163	0.547127	0.509075	0.635189	0.909435	1.452529	0.706161	140.676822	
272	0.234433	0.139734	0.235816	0.222475	0.577803	0.508898	0.646575	0.913132	1.454725	0.719468	88.018038	
273	0.255502	0.146761	0.259966	0.228610	0.606266	0.509830	0.661828	0.916129	1.457586	0.733300	39.167024	
274	0.292568	0.152837	0.283752	0.235677	0.634254	0.511643	0.677212	0.919481	1.460432	0.746458	53.148171	
275	0.313676	0.157966	0.307118	0.241421	0.661803	0.511946	0.693559	0.920808	1.463429	0.759439	16.087145	
276	0.337562	0.164366	0.332339	0.247825	0.689567	0.514824	0.708566	0.924415	1.467416	0.771514	10.877118	
277	0.362349	0.170569	0.355271	0.253862	0.714178	0.518678	0.720644	0.928689	1.469333	0.783477	9.607992	
278	0.383573	0.174793	0.381330	0.257074	0.740096	0.522099	0.732434	0.932102	1.468790	0.794293	-3.783005	
279	0.416591	0.180699	0.410012	0.263054	0.767947	0.529056	0.746320	0.938538	1.473861	0.807973	7.162760	
280	0.441358	0.182110	0.436521	0.263820	0.791628	0.533656	0.750742	0.941689	1.474199	0.817979	1.336110	
281	0.472738	0.179952	0.465354	0.261232	0.815126	0.538003	0.759727	0.944341	1.477040	0.829241	-0.853288	
282	0.509329	0.179876	0.498711	0.260733	0.843034	0.544175	0.777389	0.948985	1.482553	0.843922	2.086111	
283	0.537166	0.176132	0.527637	0.256826	0.866433	0.546903	0.787359	0.949303	1.481258	0.853941	4.867279	
284	0.567875	0.169640	0.553749	0.249636	0.885726	0.547560	0.795114	0.947523	1.480848	0.864063	-0.217015	
285	0.615001	0.164284	0.583409	0.241747	0.904759	0.551118	0.807955	0.949619	1.482464	0.875737	3.734188	
286	0.635069	0.152254	0.614920	0.230486	0.921395	0.554591	0.820492	0.952016	1.484676	0.888160	0.418108	
287	0.672558	0.146219	0.650500	0.223365	0.943728	0.559498	0.836054	0.955122	1.487116	0.902782	2.741682	
288	0.708704	0.141989	0.681762	0.217405	0.964402	0.562405	0.851264	0.956540	1.488837	0.916868	1.694131	
289	0.743290	0.136120	0.712595	0.210137	0.982983	0.564732	0.860529	0.956083	1.491260	0.928704	1.296562	
290	0.779854	0.127698	0.751111	0.203760	1.004554	0.570774	0.873275	0.959228	1.493306	0.941226	1.274386	
291	0.826198	0.118840	0.794045	0.193507	1.025031	0.575127	0.885133	0.960585	1.492802	0.953006	0.050981	
292	0.867647	0.105514	0.831692	0.179691	1.039088	0.574573	0.894145	0.958198	1.491518	0.964309	2.350529	
293	0.907613	0.096143	0.866242	0.168204	1.050149	0.574564	0.901890	0.956925	1.490161	0.975224	3.359820	
294	0.940789	0.085548	0.899070	0.162089	1.064650	0.576315	0.914849	0.958056	1.489400	0.987399	0.058979	
295	0.976684	0.050125	0.937495	0.155419	1.081434	0.577618	0.927176	0.957577	1.488925	1.001354	0.614211	
296	NaN	NaN	NaN	NaN	NaN	NaN	NaN	NaN	1.486937	1.013836	1.795554	
297	NaN	NaN	NaN	NaN	NaN	NaN	NaN	NaN	1.483655	1.025036	1.685795	
298	NaN	NaN	NaN	NaN	NaN	NaN	NaN	NaN	1.483855	1.039678	0.390160	
299	NaN	NaN	NaN	NaN	NaN	NaN	NaN	NaN	1.485262	1.056027	-0.159819	
300	NaN	NaN	NaN	NaN	NaN	NaN	NaN	NaN	1.481084	1.066295	0.299306	
301	NaN	NaN	NaN	NaN	NaN	NaN	NaN	NaN	1.479164	1.079138	1.880597	
302	NaN	NaN	NaN	NaN	NaN	NaN	NaN	NaN	1.477188	1.091038	0.465372	
303	NaN	NaN	NaN	NaN	NaN	NaN	NaN	NaN	1.477571	1.106291	1.281793	
304	NaN	NaN	NaN	NaN	NaN	NaN	NaN	NaN	1.474673	1.119533	1.693649	
305	NaN	NaN	NaN	NaN	NaN	NaN	NaN	NaN	1.466996	1.130105	1.426042	
306	NaN	NaN	NaN	NaN	NaN	NaN	NaN	NaN	1.460544	1.139806	1.398934	
307	NaN	NaN	NaN	NaN	NaN	NaN	NaN	NaN	1.458956	1.153693	2.213742	
308	NaN	NaN	NaN	NaN	NaN	NaN	NaN	NaN	1.453216	1.164753	1.754935	
309	NaN	NaN	NaN	NaN	NaN	NaN	NaN	NaN	1.448551	1.175552	2.800740	
310	NaN	NaN	NaN	NaN	NaN	NaN	NaN	NaN	1.446471	1.190740	2.503873	
311	NaN	NaN	NaN	NaN	NaN	NaN	NaN	NaN	1.447517	1.207793	-0.265400	
312	NaN	NaN	NaN	NaN	NaN	NaN	NaN	NaN	1.443677	1.218681	0.905414	
313	NaN	NaN	NaN	NaN	NaN	NaN	NaN	NaN	1.444572	1.232808	1.351836	
314	NaN	NaN	NaN	NaN	NaN	NaN	NaN	NaN	1.443261	1.246914	1.597071	
315	NaN	NaN	NaN	NaN	NaN	NaN	NaN	NaN	1.438667	1.258036	2.615888	
316	NaN	NaN	NaN	NaN	NaN	NaN	NaN	NaN	1.435064	1.268842	2.331127	
317	NaN	NaN	NaN	NaN	NaN	NaN	NaN	NaN	1.433620	1.282111	0.748740	
318	NaN	NaN	NaN	NaN	NaN	NaN	NaN	NaN	1.433774	1.296089	-0.648507	
319	NaN	NaN	NaN	NaN	NaN	NaN	NaN	NaN	1.434281	1.309510	3.203421	
320	NaN	NaN	NaN	NaN	NaN	NaN	NaN	NaN	1.434692	1.323081	3.321044	
321	NaN	NaN	NaN	NaN	NaN	NaN	NaN	NaN	1.435998	1.336586	0.548659	
322	NaN	NaN	NaN	NaN	NaN	NaN	NaN	NaN	1.436430	1.349150	-1.254569	
323	NaN	NaN	NaN	NaN	NaN	NaN	NaN	NaN	1.437067	1.361847	-2.030462	
324	NaN	NaN	NaN	NaN	NaN	NaN	NaN	NaN	1.437250	1.373979	8.066027	
325	NaN	NaN	NaN	NaN	NaN	NaN	NaN	NaN	1.437028	1.384517	-1.024168	
326	NaN	NaN	NaN	NaN	NaN	NaN	NaN	NaN	1.437841	1.396308	1.132249	
327	NaN	NaN	NaN	NaN	NaN	NaN	NaN	NaN	1.441585	1.411850	0.093081	
328	NaN	NaN	NaN	NaN	NaN	NaN	NaN	NaN	1.443692	1.425148	-0.254247	
329	NaN	NaN	NaN	NaN	NaN	NaN	NaN	NaN	1.443610	1.437420	3.163348	
330	NaN	NaN	NaN	NaN	NaN	NaN	NaN	NaN	1.444142	1.449785	3.039199	
331	NaN	NaN	NaN	NaN	NaN	NaN	NaN	NaN	1.446089	1.461721	1.743401	
332	NaN	NaN	NaN	NaN	NaN	NaN	NaN	NaN	1.447115	1.473415	-0.215247	
333	NaN	NaN	NaN	NaN	NaN	NaN	NaN	NaN	1.448002	1.484938	1.192301	
334	NaN	NaN	NaN	NaN	NaN	NaN	NaN	NaN	NaN	NaN	0.842429	
335	NaN	NaN	NaN	NaN	NaN	NaN	NaN	NaN	NaN	NaN	3.511507	
336	NaN	NaN	NaN	NaN	NaN	NaN	NaN	NaN	NaN	NaN	2.673969	
337	NaN	NaN	NaN	NaN	NaN	NaN	NaN	NaN	NaN	NaN	0.798939	
338	NaN	NaN	NaN	NaN	NaN	NaN	NaN	NaN	NaN	NaN	0.198929	
339	NaN	NaN	NaN	NaN	NaN	NaN	NaN	NaN	NaN	NaN	2.251080	
340	NaN	NaN	NaN	NaN	NaN	NaN	NaN	NaN	NaN	NaN	2.576856	
341	NaN	NaN	NaN	NaN	NaN	NaN	NaN	NaN	NaN	NaN	2.564443	
342	NaN	NaN	NaN	NaN	NaN	NaN	NaN	NaN	NaN	NaN	1.449267	
343	NaN	NaN	NaN	NaN	NaN	NaN	NaN	NaN	NaN	NaN	2.744354	
344	NaN	NaN	NaN	NaN	NaN	NaN	NaN	NaN	NaN	NaN	0.522257	
345	NaN	NaN	NaN	NaN	NaN	NaN	NaN	NaN	NaN	NaN	2.220181	
346	NaN	NaN	NaN	NaN	NaN	NaN	NaN	NaN	NaN	NaN	0.378074	
347	NaN	NaN	NaN	NaN	NaN	NaN	NaN	NaN	NaN	NaN	1.255885	
348	NaN	NaN	NaN	NaN	NaN	NaN	NaN	NaN	NaN	NaN	2.526489	
349	NaN	NaN	NaN	NaN	NaN	NaN	NaN	NaN	NaN	NaN	1.502843	
350	NaN	NaN	NaN	NaN	NaN	NaN	NaN	NaN	NaN	NaN	0.291375	
351	NaN	NaN	NaN	NaN	NaN	NaN	NaN	NaN	NaN	NaN	1.338583	
352	NaN	NaN	NaN	NaN	NaN	NaN	NaN	NaN	NaN	NaN	1.454487	
353	NaN	NaN	NaN	NaN	NaN	NaN	NaN	NaN	NaN	NaN	1.467326	
354	NaN	NaN	NaN	NaN	NaN	NaN	NaN	NaN	NaN	NaN	1.558014	
355	NaN	NaN	NaN	NaN	NaN	NaN	NaN	NaN	NaN	NaN	1.188232	
356	NaN	NaN	NaN	NaN	NaN	NaN	NaN	NaN	NaN	NaN	1.140031	
357	NaN	NaN	NaN	NaN	NaN	NaN	NaN	NaN	NaN	NaN	1.829929	
358	NaN	NaN	NaN	NaN	NaN	NaN	NaN	NaN	NaN	NaN	1.002451	
359	NaN	NaN	NaN	NaN	NaN	NaN	NaN	NaN	NaN	NaN	3.104613	
360	NaN	NaN	NaN	NaN	NaN	NaN	NaN	NaN	NaN	NaN	2.747539	
361	NaN	NaN	NaN	NaN	NaN	NaN	NaN	NaN	NaN	NaN	1.180484	
362	NaN	NaN	NaN	NaN	NaN	NaN	NaN	NaN	NaN	NaN	1.870135	
363	NaN	NaN	NaN	NaN	NaN	NaN	NaN	NaN	NaN	NaN	2.556244	
364	NaN	NaN	NaN	NaN	NaN	NaN	NaN	NaN	NaN	NaN	3.081748	
365	NaN	NaN	NaN	NaN	NaN	NaN	NaN	NaN	NaN	NaN	0.996791	
366	NaN	NaN	NaN	NaN	NaN	NaN	NaN	NaN	NaN	NaN	0.847904	
367	NaN	NaN	NaN	NaN	NaN	NaN	NaN	NaN	NaN	NaN	0.835760	
368	NaN	NaN	NaN	NaN	NaN	NaN	NaN	NaN	NaN	NaN	1.255161	
369	NaN	NaN	NaN	NaN	NaN	NaN	NaN	NaN	NaN	NaN	3.260994	
370	NaN	NaN	NaN	NaN	NaN	NaN	NaN	NaN	NaN	NaN	3.319976	
371	NaN	NaN	NaN	NaN	NaN	NaN	NaN	NaN	NaN	NaN	1.378995	
372	NaN	NaN	NaN	NaN	NaN	NaN	NaN	NaN	NaN	NaN	2.853942	
373	NaN	NaN	NaN	NaN	NaN	NaN	NaN	NaN	NaN	NaN	2.293296	
374	NaN	NaN	NaN	NaN	NaN	NaN	NaN	NaN	NaN	NaN	1.196516	
375	NaN	NaN	NaN	NaN	NaN	NaN	NaN	NaN	NaN	NaN	2.839951	
376	NaN	NaN	NaN	NaN	NaN	NaN	NaN	NaN	NaN	NaN	0.627324	
377	NaN	NaN	NaN	NaN	NaN	NaN	NaN	NaN	NaN	NaN	2.010458	
378	NaN	NaN	NaN	NaN	NaN	NaN	NaN	NaN	NaN	NaN	1.440412	
379	NaN	NaN	NaN	NaN	NaN	NaN	NaN	NaN	NaN	NaN	1.320476	
380	NaN	NaN	NaN	NaN	NaN	NaN	NaN	NaN	NaN	NaN	-0.052250	
381	NaN	NaN	NaN	NaN	NaN	NaN	NaN	NaN	NaN	NaN	2.941879	
382	NaN	NaN	NaN	NaN	NaN	NaN	NaN	NaN	NaN	NaN	1.265535	
383	NaN	NaN	NaN	NaN	NaN	NaN	NaN	NaN	NaN	NaN	1.704842	
384	NaN	NaN	NaN	NaN	NaN	NaN	NaN	NaN	NaN	NaN	2.306000	
385	NaN	NaN	NaN	NaN	NaN	NaN	NaN	NaN	NaN	NaN	1.016459	
386	NaN	NaN	NaN	NaN	NaN	NaN	NaN	NaN	NaN	NaN	0.911877	
387	NaN	NaN	NaN	NaN	NaN	NaN	NaN	NaN	NaN	NaN	0.775274	
388	NaN	NaN	NaN	NaN	NaN	NaN	NaN	NaN	NaN	NaN	1.139993	
389	NaN	NaN	NaN	NaN	NaN	NaN	NaN	NaN	NaN	NaN	2.704097	
390	NaN	NaN	NaN	NaN	NaN	NaN	NaN	NaN	NaN	NaN	2.191151	
391	NaN	NaN	NaN	NaN	NaN	NaN	NaN	NaN	NaN	NaN	-1.032486	
392	NaN	NaN	NaN	NaN	NaN	NaN	NaN	NaN	NaN	NaN	0.739140	
393	NaN	NaN	NaN	NaN	NaN	NaN	NaN	NaN	NaN	NaN	0.349108	
394	NaN	NaN	NaN	NaN	NaN	NaN	NaN	NaN	NaN	NaN	2.244255	
395	NaN	NaN	NaN	NaN	NaN	NaN	NaN	NaN	NaN	NaN	1.792396	
396	NaN	NaN	NaN	NaN	NaN	NaN	NaN	NaN	NaN	NaN	1.330441	
397	NaN	NaN	NaN	NaN	NaN	NaN	NaN	NaN	NaN	NaN	1.195275	
398	NaN	NaN	NaN	NaN	NaN	NaN	NaN	NaN	NaN	NaN	0.910491	
399	NaN	NaN	NaN	NaN	NaN	NaN	NaN	NaN	NaN	NaN	0.482140	
400	NaN	NaN	NaN	NaN	NaN	NaN	NaN	NaN	NaN	NaN	NaN	
