Testing	// User ID
7-2-2025	// Evaluation date
IJ_Walk_BW3	6-2-2025	13:47:24:856	// Source file name and timestamp
100.000	// Sampling rate
4.000	// Data capture period



Sample #	Right_Foot_COM_X	Right_Foot_COM_Y	RightAnklePosX	RightAnklePosY	RightKnee.Pos.X	RightKneePosY	RightHip_PosX	RightHipPosY	ThoraxCOMPosY	ThoraxCOMPosX	GRF_MoundY	
0	NaN	NaN	NaN	NaN	NaN	NaN	NaN	NaN	NaN	NaN	1.299797	
1	NaN	NaN	NaN	NaN	NaN	NaN	NaN	NaN	NaN	NaN	-1.194632	
2	NaN	NaN	NaN	NaN	NaN	NaN	NaN	NaN	NaN	NaN	-1.481471	
3	NaN	NaN	NaN	NaN	NaN	NaN	NaN	NaN	NaN	NaN	1.378150	
4	NaN	NaN	NaN	NaN	NaN	NaN	NaN	NaN	NaN	NaN	0.145288	
5	NaN	NaN	NaN	NaN	NaN	NaN	NaN	NaN	NaN	NaN	1.457363	
6	NaN	NaN	NaN	NaN	NaN	NaN	NaN	NaN	NaN	NaN	-0.331667	
7	NaN	NaN	NaN	NaN	NaN	NaN	NaN	NaN	NaN	NaN	-0.655169	
8	NaN	NaN	NaN	NaN	NaN	NaN	NaN	NaN	NaN	NaN	1.248162	
9	NaN	NaN	NaN	NaN	NaN	NaN	NaN	NaN	NaN	NaN	-0.592182	
10	NaN	NaN	NaN	NaN	NaN	NaN	NaN	NaN	NaN	NaN	0.476868	
11	NaN	NaN	NaN	NaN	NaN	NaN	NaN	NaN	NaN	NaN	0.729585	
12	NaN	NaN	NaN	NaN	NaN	NaN	NaN	NaN	NaN	NaN	0.409669	
13	NaN	NaN	NaN	NaN	NaN	NaN	NaN	NaN	NaN	NaN	-0.395921	
14	NaN	NaN	NaN	NaN	NaN	NaN	NaN	NaN	NaN	NaN	1.139687	
15	NaN	NaN	NaN	NaN	NaN	NaN	NaN	NaN	NaN	NaN	1.509378	
16	NaN	NaN	NaN	NaN	NaN	NaN	NaN	NaN	NaN	NaN	0.777746	
17	NaN	NaN	NaN	NaN	NaN	NaN	NaN	NaN	NaN	NaN	0.211071	
18	NaN	NaN	NaN	NaN	NaN	NaN	NaN	NaN	NaN	NaN	-1.414087	
19	NaN	NaN	NaN	NaN	NaN	NaN	NaN	NaN	NaN	NaN	0.470423	
20	NaN	NaN	NaN	NaN	NaN	NaN	NaN	NaN	NaN	NaN	0.074470	
21	NaN	NaN	NaN	NaN	NaN	NaN	NaN	NaN	NaN	NaN	-1.993531	
22	NaN	NaN	NaN	NaN	NaN	NaN	NaN	NaN	NaN	NaN	1.386345	
23	NaN	NaN	NaN	NaN	NaN	NaN	NaN	NaN	NaN	NaN	-0.596055	
24	NaN	NaN	NaN	NaN	NaN	NaN	NaN	NaN	NaN	NaN	0.607621	
25	NaN	NaN	NaN	NaN	NaN	NaN	NaN	NaN	NaN	NaN	0.973861	
26	NaN	NaN	NaN	NaN	NaN	NaN	NaN	NaN	NaN	NaN	0.669647	
27	NaN	NaN	NaN	NaN	NaN	NaN	NaN	NaN	NaN	NaN	1.081737	
28	NaN	NaN	NaN	NaN	NaN	NaN	NaN	NaN	NaN	NaN	-0.231101	
29	NaN	NaN	NaN	NaN	NaN	NaN	NaN	NaN	NaN	NaN	1.298797	
30	NaN	NaN	NaN	NaN	NaN	NaN	NaN	NaN	NaN	NaN	-1.267715	
31	NaN	NaN	NaN	NaN	NaN	NaN	NaN	NaN	NaN	NaN	1.350046	
32	NaN	NaN	NaN	NaN	NaN	NaN	NaN	NaN	NaN	NaN	1.404578	
33	NaN	NaN	NaN	NaN	NaN	NaN	NaN	NaN	NaN	NaN	-0.331483	
34	NaN	NaN	NaN	NaN	NaN	NaN	NaN	NaN	NaN	NaN	-0.020888	
35	NaN	NaN	NaN	NaN	NaN	NaN	NaN	NaN	NaN	NaN	1.064358	
36	NaN	NaN	NaN	NaN	NaN	NaN	NaN	NaN	NaN	NaN	1.576005	
37	NaN	NaN	NaN	NaN	NaN	NaN	NaN	NaN	NaN	NaN	1.182894	
38	NaN	NaN	NaN	NaN	NaN	NaN	NaN	NaN	NaN	NaN	-1.134902	
39	NaN	NaN	NaN	NaN	NaN	NaN	NaN	NaN	NaN	NaN	-1.173240	
40	NaN	NaN	NaN	NaN	NaN	NaN	NaN	NaN	NaN	NaN	1.740871	
41	NaN	NaN	NaN	NaN	NaN	NaN	NaN	NaN	NaN	NaN	0.037238	
42	NaN	NaN	NaN	NaN	NaN	NaN	NaN	NaN	NaN	NaN	-0.783055	
43	NaN	NaN	NaN	NaN	NaN	NaN	NaN	NaN	NaN	NaN	0.321621	
44	NaN	NaN	NaN	NaN	NaN	NaN	NaN	NaN	NaN	NaN	-0.455745	
45	NaN	NaN	NaN	NaN	NaN	NaN	NaN	NaN	NaN	NaN	0.991176	
46	NaN	NaN	NaN	NaN	NaN	NaN	NaN	NaN	NaN	NaN	-0.679855	
47	NaN	NaN	NaN	NaN	NaN	NaN	NaN	NaN	NaN	NaN	1.904824	
48	NaN	NaN	NaN	NaN	NaN	NaN	NaN	NaN	NaN	NaN	0.945322	
49	NaN	NaN	NaN	NaN	NaN	NaN	NaN	NaN	NaN	NaN	-0.765733	
50	NaN	NaN	NaN	NaN	NaN	NaN	NaN	NaN	NaN	NaN	1.459123	
51	NaN	NaN	NaN	NaN	NaN	NaN	NaN	NaN	NaN	NaN	1.214544	
52	NaN	NaN	NaN	NaN	NaN	NaN	NaN	NaN	NaN	NaN	-0.555331	
53	NaN	NaN	NaN	NaN	NaN	NaN	NaN	NaN	NaN	NaN	0.368674	
54	NaN	NaN	NaN	NaN	NaN	NaN	NaN	NaN	NaN	NaN	-1.245577	
55	NaN	NaN	NaN	NaN	NaN	NaN	NaN	NaN	NaN	NaN	0.110805	
56	NaN	NaN	NaN	NaN	NaN	NaN	NaN	NaN	NaN	NaN	2.430196	
57	NaN	NaN	NaN	NaN	NaN	NaN	NaN	NaN	NaN	NaN	0.658492	
58	-1.748097	0.150106	-1.834175	0.159010	-1.884329	0.593156	-2.072257	0.955407	NaN	NaN	0.499445	
59	-1.713629	0.159019	-1.802942	0.156800	-1.884929	0.586175	-2.069938	0.950054	NaN	NaN	0.890496	
60	-1.684633	0.160744	-1.774576	0.155478	-1.886375	0.578121	-2.068421	0.943680	NaN	NaN	2.201303	
61	-1.663483	0.158015	-1.751816	0.157647	-1.870683	0.578416	-2.062018	0.938684	NaN	NaN	-1.584899	
62	-1.635380	0.165705	-1.725535	0.157026	-1.864728	0.571725	-2.065551	0.926827	NaN	NaN	1.490127	
63	-1.610820	0.166011	-1.701231	0.156854	-1.860897	0.564130	-2.062490	0.919184	1.444534	-2.003541	1.733966	
64	-1.590276	0.165462	-1.680511	0.156260	-1.853352	0.558036	-2.054282	0.913589	1.438641	-1.991983	1.409316	
65	-1.571148	0.165385	-1.661163	0.159381	-1.843563	0.556852	-2.041107	0.914043	1.437376	-1.983256	-0.279700	
66	-1.555908	0.164684	-1.646130	0.156912	-1.828826	0.554382	-2.026023	0.911560	1.432818	-1.970350	-0.475194	
67	-1.545189	0.173852	-1.635828	0.157260	-1.810942	0.558089	-2.002895	0.918027	1.434989	-1.949207	1.269612	
68	-1.526358	0.165659	-1.616042	0.158717	-1.799452	0.555742	-1.973957	0.924569	1.439495	-1.927673	0.471341	
69	-1.507333	0.169339	-1.597248	0.160340	-1.780640	0.557345	-1.942166	0.931897	1.444865	-1.902585	0.050057	
70	-1.505886	0.161400	-1.595760	0.151046	-1.766690	0.553556	-1.929991	0.927034	1.443330	-1.888427	1.502802	
71	-1.505024	0.145371	-1.594732	0.140299	-1.756910	0.546416	-1.917571	0.920917	1.441285	-1.876480	-0.693070	
72	-1.501653	0.137402	-1.591710	0.132608	-1.748465	0.540894	-1.902857	0.918293	1.441165	-1.862257	1.033499	
73	-1.492001	0.151207	-1.584011	0.133153	-1.728533	0.545793	-1.889533	0.920050	1.441931	-1.846309	1.181364	
74	-1.474725	0.152391	-1.567603	0.134638	-1.710185	0.547756	-1.866653	0.923877	1.445972	-1.829259	-0.216802	
75	-1.472588	0.143698	-1.565750	0.129481	-1.700839	0.545153	-1.854153	0.922542	1.444913	-1.816615	0.117731	
76	-1.472580	0.133668	-1.565380	0.125039	-1.689640	0.544097	-1.843872	0.920974	1.443193	-1.804652	0.645355	
77	-1.469503	0.128760	-1.562925	0.121164	-1.678453	0.542700	-1.831430	0.920056	1.441567	-1.792291	-1.817935	
78	-1.468749	0.120079	-1.561551	0.117969	-1.668068	0.541891	-1.819465	0.919796	1.439320	-1.780007	-0.043119	
79	-1.469575	0.105950	-1.559125	0.118268	-1.654709	0.544713	-1.804834	0.923195	1.441932	-1.765027	0.796417	
80	-1.469679	0.101331	-1.560066	0.112515	-1.643564	0.541553	-1.795988	0.918922	1.440311	-1.752768	1.355415	
81	-1.468025	0.099086	-1.560514	0.103971	-1.634399	0.534805	-1.785508	0.912542	1.432407	-1.739063	1.343844	
82	-1.464903	0.100843	-1.559199	0.100941	-1.620995	0.533569	-1.769420	0.912641	1.431832	-1.726652	-1.328328	
83	-1.461105	0.103091	-1.555868	0.105794	-1.611181	0.539343	-1.762397	0.916972	1.438041	-1.722051	0.269408	
84	-1.447154	0.127118	-1.555294	0.109297	-1.599607	0.544082	-1.753517	0.920446	1.441500	-1.712848	0.259708	
85	-1.454938	0.105781	-1.551272	0.104457	-1.584659	0.540075	-1.733042	0.919065	1.440228	-1.697596	-0.590520	
86	-1.443974	0.108089	-1.539170	0.105344	-1.581264	0.540237	-1.726499	0.920378	1.446451	-1.695508	1.315041	
87	-1.445068	0.104515	-1.539176	0.106569	-1.571009	0.542336	-1.709960	0.924587	1.447854	-1.679074	0.646128	
88	-1.446910	0.103182	-1.541029	0.106666	-1.559488	0.543156	-1.691765	0.927633	1.448444	-1.659661	0.137786	
89	-1.448960	0.098741	-1.541864	0.105923	-1.550167	0.542708	-1.675188	0.929468	1.448978	-1.642374	-0.660160	
90	-1.452706	0.093688	-1.544134	0.105712	-1.541562	0.542563	-1.658276	0.931697	1.449706	-1.623828	0.465903	
91	-1.451710	0.098517	-1.544185	0.109149	-1.534972	0.545929	-1.647395	0.935948	1.456012	-1.609207	-0.433362	
92	-1.455425	0.094049	-1.546565	0.108481	-1.528192	0.544987	-1.635294	0.936267	1.458308	-1.595655	1.072965	
93	-1.459715	0.088996	-1.549432	0.107441	-1.521629	0.543479	-1.623666	0.935927	1.459886	-1.582686	-1.217736	
94	-1.463189	0.084694	-1.551255	0.107230	-1.515740	0.542762	-1.612361	0.936360	1.462677	-1.571024	-0.624036	
95	-1.465704	0.081612	-1.552591	0.107055	-1.510134	0.542007	-1.602034	0.936571	1.465476	-1.560635	0.864247	
96	-1.467618	0.078773	-1.553540	0.106500	-1.504797	0.540825	-1.592544	0.936218	1.468028	-1.550642	-1.110017	
97	-1.468835	0.076098	-1.553806	0.105990	-1.499598	0.539696	-1.581944	0.936223	1.470288	-1.540926	-0.530365	
98	-1.468473	0.075342	-1.552561	0.107267	-1.494134	0.540470	-1.570244	0.938180	1.472207	-1.529780	-0.227528	
99	-1.467014	0.075912	-1.550866	0.108391	-1.488664	0.541093	-1.557568	0.940083	1.474010	-1.518517	0.782817	
100	-1.466472	0.075834	-1.549787	0.109547	-1.483919	0.541702	-1.545763	0.941870	1.475821	-1.507557	-0.571966	
101	-1.466351	0.076240	-1.549359	0.110676	-1.479830	0.542266	-1.534069	0.943580	1.477175	-1.496829	0.855539	
102	-1.460159	0.081542	-1.545642	0.110292	-1.473690	0.541355	-1.520012	0.943839	1.478635	-1.483696	0.646679	
103	-1.455047	0.086129	-1.542881	0.109738	-1.467874	0.540127	-1.507188	0.943542	1.479735	-1.470945	1.031775	
104	-1.463002	0.082918	-1.549752	0.109032	-1.465744	0.537734	-1.500452	0.941762	1.480877	-1.462289	0.151810	
105	-1.463469	0.081436	-1.549476	0.109199	-1.463553	0.537468	-1.488016	0.942436	1.482579	-1.452455	-0.235390	
106	-1.462407	0.080896	-1.548013	0.109619	-1.461301	0.537671	-1.475805	0.943317	1.484641	-1.441904	0.813915	
107	-1.455666	0.091581	-1.545241	0.111445	-1.452741	0.538278	-1.464949	0.944107	1.484564	-1.428698	0.253234	
108	-1.452863	0.094638	-1.542799	0.113198	-1.444276	0.538720	-1.447564	0.944813	1.483992	-1.416533	2.223822	
109	-1.458977	0.085129	-1.544494	0.114171	-1.441816	0.538896	-1.436219	0.945259	1.485354	-1.405099	0.034627	
110	-1.467139	0.076290	-1.548011	0.115429	-1.440478	0.539105	-1.424058	0.945502	1.487231	-1.393459	0.817684	
111	-1.466392	0.075249	-1.545269	0.118494	-1.434607	0.541309	-1.410998	0.947340	1.488265	-1.380365	-0.603871	
112	-1.459357	0.078864	-1.539154	0.120216	-1.420637	0.540466	-1.397869	0.946726	1.486968	-1.366379	-0.691378	
113	-1.467750	0.079568	-1.548372	0.119199	-1.417788	0.535275	-1.384990	0.941344	1.488643	-1.353253	-0.905622	
114	-1.476572	0.080621	-1.558893	0.116524	-1.417530	0.528455	-1.375952	0.934053	1.488663	-1.342068	0.618587	
115	-1.477087	0.080665	-1.559749	0.115968	-1.411114	0.524612	-1.362282	0.929565	1.485757	-1.327652	0.973414	
116	-1.466747	0.078681	-1.546267	0.120295	-1.400170	0.530065	-1.358866	0.935897	1.484431	-1.319105	1.097923	
117	-1.456630	0.066155	-1.531008	0.117439	-1.389405	0.529212	-1.381322	0.937445	1.476955	-1.324305	0.870890	
118	-1.459155	0.048375	-1.528888	0.110012	-1.388803	0.522794	-1.383195	0.931301	1.470868	-1.318446	1.185045	
119	-1.459837	0.051482	-1.532844	0.107147	-1.393684	0.520731	-1.368624	0.928362	1.469261	-1.304488	-0.652557	
120	-1.453057	0.055666	-1.528910	0.105340	-1.396294	0.521301	-1.355973	0.927597	1.467333	-1.291430	-1.648340	
121	-1.455948	0.035111	-1.524588	0.102142	-1.398385	0.520431	-1.343725	0.924651	1.468149	-1.272445	-0.451518	
122	-1.458392	0.028559	-1.525660	0.099108	-1.401840	0.518320	-1.328704	0.919257	1.468643	-1.252715	-0.110031	
123	-1.456055	0.042253	-1.529566	0.098061	-1.404959	0.516780	-1.317907	0.915008	1.466891	-1.237633	-1.052342	
124	-1.454459	0.056275	-1.531313	0.103729	-1.394007	0.518125	-1.294063	0.913232	1.467182	-1.219030	1.007036	
125	-1.462264	0.054770	-1.533368	0.113051	-1.373679	0.518834	-1.257621	0.910060	1.466899	-1.199135	0.998815	
126	-1.462413	0.060964	-1.536738	0.112671	-1.367213	0.514133	-1.245956	0.904158	1.461441	-1.187663	0.304863	
127	-1.459026	0.065789	-1.539144	0.106498	-1.367742	0.507362	-1.239641	0.895233	1.452198	-1.173006	-0.362809	
128	-1.454891	0.065864	-1.536401	0.103736	-1.366262	0.505269	-1.231116	0.890812	1.447062	-1.163545	0.531533	
129	-1.451731	0.058486	-1.530786	0.101317	-1.366435	0.505568	-1.237215	0.892973	1.439697	-1.167624	0.768650	
130	-1.449449	0.065352	-1.530887	0.103503	-1.361546	0.505763	-1.229048	0.891766	1.436697	-1.161103	-0.058064	
131	-1.451738	0.054688	-1.527959	0.103049	-1.353948	0.503625	-1.214476	0.887241	1.430263	-1.150539	-0.741058	
132	-1.445133	0.065112	-1.524757	0.106690	-1.342303	0.503669	-1.197237	0.885210	1.425368	-1.139898	0.084508	
133	-1.443874	0.071080	-1.524006	0.111817	-1.331383	0.503891	-1.177909	0.881891	1.423078	-1.126237	0.869061	
134	-1.450987	0.050377	-1.518980	0.114082	-1.315279	0.500618	-1.166037	0.880751	1.418948	-1.111489	-1.616961	
135	-1.449398	0.058673	-1.516877	0.120674	-1.298464	0.498895	-1.151329	0.880232	1.418134	-1.092126	0.874844	
136	-1.445457	0.070110	-1.516175	0.126061	-1.293148	0.501506	-1.136094	0.878377	1.420874	-1.072120	-1.743096	
137	-1.445319	0.062391	-1.513351	0.122642	-1.292167	0.499622	-1.124570	0.871316	1.421119	-1.057082	0.006254	
138	-1.450017	0.049359	-1.508744	0.124305	-1.280149	0.497035	-1.108728	0.867453	1.418047	-1.041468	1.473473	
139	-1.452614	0.043694	-1.502340	0.130639	-1.264198	0.497395	-1.089206	0.865877	1.419395	-1.023609	-0.869637	
140	-1.452049	0.046384	-1.496416	0.138239	-1.247153	0.497532	-1.067133	0.863610	1.422598	-1.002230	-1.587386	
141	-1.453668	0.043237	-1.490546	0.145389	-1.230351	0.496973	-1.044425	0.860766	1.424194	-0.979953	0.070157	
142	-1.456376	0.031183	-1.479148	0.152259	-1.211585	0.498346	-1.032280	0.865508	1.427397	-0.961444	-0.543180	
143	-1.457326	0.044882	-1.471092	0.167353	-1.186236	0.499304	-1.007644	0.866961	1.430763	-0.942194	1.794743	
144	-1.456495	0.053687	-1.462171	0.173522	-1.165815	0.495083	-0.990230	0.864538	1.428251	-0.925536	1.209230	
145	-1.448270	0.065718	-1.446422	0.183948	-1.139786	0.495708	-0.971380	0.868386	1.431304	-0.911555	1.074039	
146	-1.445558	0.069728	-1.424361	0.194257	-1.110024	0.498388	-0.953735	0.876068	1.431281	-0.900529	1.677475	
147	-1.444324	0.073802	-1.400719	0.195778	-1.081677	0.495088	-0.948312	0.881568	1.430049	-0.892354	1.496581	
148	-1.421234	0.094662	-1.382086	0.201107	-1.051612	0.487743	-0.938820	0.881317	1.428903	-0.881532	0.958776	
149	-1.392979	0.117310	-1.369072	0.213918	-1.026415	0.485745	-0.923249	0.882108	1.430386	-0.871285	1.711526	
150	-1.366090	0.136950	-1.350420	0.229604	-0.998699	0.489274	-0.908553	0.888714	1.433009	-0.858423	0.516044	
151	-1.326745	0.150368	-1.324340	0.240225	-0.965828	0.490586	-0.905966	0.895620	1.435641	-0.847838	0.517819	
152	-1.289736	0.150837	-1.297214	0.242448	-0.935671	0.488599	-0.885055	0.895047	1.437769	-0.833455	2.440223	
153	-1.262644	0.152519	-1.272343	0.246528	-0.909273	0.490458	-0.848895	0.895582	1.441641	-0.813701	1.571191	
154	-1.235297	0.156636	-1.242368	0.251441	-0.878371	0.493983	-0.828527	0.900571	1.446286	-0.795298	1.760658	
155	-1.210779	0.163563	-1.207701	0.256107	-0.846087	0.502160	-0.804020	0.909539	1.454379	-0.778365	1.234887	
156	-1.196217	0.169151	-1.189001	0.258929	-0.826461	0.503507	-0.789933	0.911287	1.456750	-0.765289	1.702975	
157	-1.165464	0.171073	-1.164617	0.260993	-0.801703	0.504933	-0.776790	0.913625	1.457362	-0.752533	0.222706	
158	-1.135858	0.172313	-1.126342	0.261227	-0.765993	0.508985	-0.758517	0.918346	1.460892	-0.738227	0.733667	
159	-1.103736	0.172835	-1.090635	0.261392	-0.732924	0.512941	-0.744678	0.922140	1.463428	-0.725792	1.751319	
160	-1.065722	0.170744	-1.059702	0.259571	-0.707116	0.518218	-0.733567	0.926623	1.466185	-0.713704	0.910649	
161	-1.024757	0.168261	-1.027631	0.256933	-0.681452	0.524036	-0.722479	0.931130	1.469204	-0.701691	0.672315	
162	-0.985202	0.165833	-0.993617	0.254159	-0.654398	0.529979	-0.716658	0.934395	1.470644	-0.691877	1.222945	
163	-0.944245	0.163267	-0.960070	0.250858	-0.629232	0.536487	-0.709668	0.937689	1.472446	-0.681339	-0.158829	
164	-0.911710	0.160900	-0.928134	0.247556	-0.606441	0.543328	-0.698368	0.942073	1.476507	-0.665955	0.208933	
165	-0.876218	0.154154	-0.893902	0.240022	-0.585919	0.550133	-0.691382	0.945577	1.478514	-0.655198	1.972419	
166	-0.832263	0.148084	-0.858970	0.231482	-0.564529	0.554430	-0.679576	0.947091	1.478470	-0.644681	-1.172583	
167	-0.798994	0.135355	-0.824742	0.219204	-0.545684	0.555515	-0.653045	0.950130	1.481861	-0.628354	-0.358621	
168	-0.769904	0.125826	-0.790254	0.212296	-0.526594	0.560823	-0.639309	0.954121	1.486202	-0.613834	0.145564	
169	-0.705466	0.131032	-0.749566	0.206759	-0.505857	0.569507	-0.635902	0.957631	1.489820	-0.602696	1.748844	
170	-0.667129	0.119555	-0.712693	0.194114	-0.487662	0.568920	-0.632184	0.952065	1.485251	-0.594039	1.201896	
171	-0.628958	0.108320	-0.675240	0.183692	-0.469597	0.569614	-0.632562	0.945458	1.481981	-0.587471	1.423889	
172	-0.588112	0.095414	-0.632234	0.174744	-0.449708	0.572176	-0.616673	0.946236	1.485245	-0.573264	1.971322	
173	-0.541923	0.090765	-0.592150	0.165803	-0.434423	0.573730	-0.596018	0.949958	1.488247	-0.555728	1.394803	
174	-0.500611	0.084733	-0.555450	0.158094	-0.419457	0.573790	-0.585502	0.948133	1.483290	-0.542346	1.608881	
175	-0.455561	0.083093	-0.516698	0.151280	-0.403124	0.573655	-0.571223	0.946998	1.480049	-0.528214	0.960897	
176	-0.407403	0.079800	-0.472343	0.141058	-0.392097	0.571019	-0.563355	0.942979	1.480268	-0.515000	3.107078	
177	-0.361016	0.080539	-0.430137	0.133970	-0.381864	0.568718	-0.567325	0.934004	1.480018	-0.506280	-0.167450	
178	-0.313412	0.095471	-0.391165	0.131246	-0.366202	0.567975	-0.557971	0.930002	1.478036	-0.496708	0.924932	
179	-0.268980	0.096965	-0.347469	0.130537	-0.348118	0.567995	-0.535639	0.932171	1.476982	-0.481972	-0.292282	
180	-0.224999	0.095957	-0.303206	0.130871	-0.332560	0.567337	-0.512424	0.935237	1.479272	-0.462014	1.058230	
181	-0.182614	0.104101	-0.263988	0.131225	-0.321272	0.564917	-0.501402	0.932732	1.480202	-0.448778	1.374134	
182	-0.141823	0.117083	-0.225693	0.132850	-0.306796	0.562730	-0.487097	0.930331	1.474760	-0.435115	1.986888	
183	-0.107318	0.132357	-0.193297	0.132966	-0.294980	0.558408	-0.480689	0.923385	1.468379	-0.422792	-0.463662	
184	-0.071382	0.145549	-0.157325	0.135148	-0.281646	0.554465	-0.467628	0.919347	1.469265	-0.409067	1.177768	
185	-0.036231	0.149825	-0.121866	0.140780	-0.267226	0.553276	-0.450995	0.919193	1.468273	-0.392972	2.848072	
186	-0.002068	0.160162	-0.089067	0.144555	-0.253486	0.549874	-0.438926	0.914931	1.463279	-0.379086	0.489655	
187	0.027629	0.162974	-0.059875	0.146055	-0.240928	0.544267	-0.433472	0.905802	1.455821	-0.367375	-0.365419	
188	0.056622	0.155946	-0.032137	0.148995	-0.226879	0.540706	-0.423519	0.900058	1.452323	-0.356108	2.365784	
189	0.088063	0.153064	-0.003249	0.154149	-0.212521	0.538310	-0.410470	0.896818	1.452343	-0.341091	1.950604	
190	0.111676	0.159857	0.020533	0.156834	-0.197182	0.536269	-0.389577	0.897693	1.450510	-0.323586	1.505887	
191	0.126004	0.169539	0.037625	0.153662	-0.181659	0.532196	-0.372190	0.894617	1.444936	-0.308987	1.427493	
192	0.141452	0.167676	0.052693	0.154121	-0.163522	0.534412	-0.352337	0.897570	1.446076	-0.291014	0.791797	
193	0.152665	0.171051	0.064768	0.152249	-0.145919	0.535628	-0.333935	0.898907	1.446231	-0.274406	2.167387	
194	0.161437	0.163464	0.073286	0.145726	-0.127785	0.534237	-0.319707	0.895388	1.442174	-0.260198	3.307553	
195	0.167595	0.151743	0.078871	0.138404	-0.111076	0.532478	-0.302907	0.893834	1.436845	-0.247498	0.889780	
196	0.172520	0.147222	0.083478	0.135149	-0.093976	0.535001	-0.286558	0.895866	1.439770	-0.229913	2.603300	
197	0.175496	0.139461	0.086090	0.128808	-0.076665	0.534858	-0.269895	0.895259	1.439043	-0.214162	1.565096	
198	0.177097	0.129125	0.087236	0.122831	-0.060217	0.534681	-0.255386	0.894191	1.434226	-0.201549	-0.711562	
199	0.182993	0.123623	0.092768	0.119649	-0.043100	0.535433	-0.234788	0.896753	1.434404	-0.185563	2.055114	
200	0.190864	0.119833	0.099649	0.114156	-0.029525	0.532078	-0.221661	0.893089	1.430697	-0.171979	12.333336	
201	0.198624	0.112005	0.107079	0.109867	-0.016323	0.529534	-0.208178	0.890543	1.430546	-0.157789	88.744939	
202	0.204914	0.099185	0.115067	0.108056	0.001013	0.530317	-0.182838	0.894796	1.434266	-0.136627	302.748110	
203	0.209064	0.094363	0.119597	0.107310	0.018864	0.532937	-0.160351	0.899302	1.436189	-0.119554	354.036229	
204	0.213613	0.096640	0.122652	0.107631	0.034881	0.536104	-0.149676	0.899906	1.437088	-0.105061	434.907367	
205	0.217931	0.095472	0.127000	0.107628	0.051624	0.538438	-0.133966	0.901428	1.439040	-0.091863	599.221668	
206	0.218853	0.089709	0.129293	0.105347	0.068160	0.538331	-0.114546	0.902532	1.443891	-0.079508	718.747205	
207	0.221048	0.087802	0.131454	0.103958	0.082559	0.538453	-0.095377	0.905196	1.445006	-0.063359	789.100216	
208	0.223454	0.089484	0.133619	0.106940	0.093194	0.542268	-0.087270	0.907900	1.443330	-0.047689	815.281671	
209	0.223146	0.087290	0.134975	0.109456	0.105644	0.545658	-0.072785	0.912038	1.445716	-0.031842	843.544168	
210	0.223056	0.082635	0.136764	0.109267	0.117637	0.546042	-0.055542	0.914399	1.447838	-0.015252	867.310137	
211	0.224261	0.082326	0.137994	0.109071	0.127321	0.546210	-0.040746	0.916324	1.446556	-0.002836	917.997149	
212	0.224869	0.083870	0.137920	0.109172	0.134249	0.546519	-0.031577	0.918148	1.445431	0.011175	988.579809	
213	0.226840	0.088117	0.138035	0.109610	0.140962	0.546918	-0.014921	0.922692	1.451353	0.026864	1043.879436	
214	0.226753	0.084068	0.139521	0.108734	0.146779	0.545965	0.000172	0.924812	1.453256	0.038239	1087.955251	
215	0.225674	0.080189	0.140334	0.109012	0.152547	0.546120	0.005950	0.924805	1.450827	0.048144	1106.491223	
216	0.226094	0.082648	0.140612	0.111400	0.159556	0.548342	0.020518	0.929477	1.456758	0.068240	1107.229528	
217	0.227492	0.083986	0.140535	0.109668	0.163087	0.546508	0.037872	0.932066	1.460665	0.085296	1099.290726	
218	0.226585	0.080827	0.139153	0.104817	0.164052	0.541525	0.045187	0.929654	1.460611	0.094151	1084.721986	
219	0.226086	0.078561	0.139752	0.104971	0.169365	0.541339	0.058523	0.931300	1.466324	0.108240	1062.402319	
220	0.226688	0.077381	0.140769	0.104987	0.175689	0.540948	0.074081	0.932839	1.471393	0.125753	1022.732494	
221	0.226987	0.077945	0.140864	0.105300	0.179919	0.540833	0.088693	0.936028	1.473865	0.139705	975.540869	
222	0.226859	0.078153	0.139828	0.103121	0.179366	0.538571	0.101418	0.937080	1.475354	0.152098	926.168721	
223	0.228317	0.079345	0.139999	0.101265	0.184791	0.536187	0.114795	0.936098	1.476482	0.163736	874.658386	
224	0.229603	0.080028	0.142067	0.104022	0.190479	0.538471	0.122892	0.938815	1.479676	0.177316	827.356664	
225	0.230794	0.079635	0.144492	0.106524	0.193498	0.540722	0.127884	0.941714	1.482305	0.191232	786.057058	
226	0.231107	0.079770	0.144437	0.105917	0.196408	0.539615	0.134881	0.941620	1.484579	0.201861	749.290559	
227	0.232621	0.086430	0.143315	0.107414	0.199260	0.540719	0.148221	0.944239	1.487621	0.212369	719.637961	
228	0.232759	0.088301	0.142641	0.107818	0.201306	0.540867	0.164000	0.946119	1.489664	0.227495	695.143616	
229	0.231418	0.082176	0.145215	0.110158	0.210578	0.541790	0.178525	0.948066	1.494140	0.240792	674.819066	
230	0.231096	0.077557	0.148472	0.113191	0.221789	0.542615	0.194354	0.950025	1.494160	0.251886	659.994160	
231	0.229808	0.077467	0.147216	0.113158	0.226796	0.542105	0.211995	0.950100	1.489487	0.266588	644.297766	
232	0.227674	0.080760	0.143877	0.113990	0.230331	0.541815	0.222709	0.949641	1.491372	0.283322	635.721473	
233	0.226716	0.079427	0.141940	0.110752	0.232984	0.537645	0.228486	0.946015	1.494201	0.297017	631.424393	
234	0.224816	0.070230	0.143535	0.108175	0.233335	0.535528	0.242410	0.944154	1.491065	0.306852	631.252427	
235	0.220159	0.052191	0.144486	0.103986	0.230969	0.532029	0.253661	0.939407	1.488691	0.321800	630.517263	
236	0.219943	0.045604	0.145991	0.102748	0.234255	0.530080	0.268643	0.936401	1.488002	0.339949	634.913196	
237	0.220796	0.041677	0.149632	0.104808	0.235905	0.532503	0.283433	0.937221	1.487767	0.356157	638.437192	
238	0.226981	0.062903	0.148332	0.106777	0.236401	0.533679	0.291114	0.937491	1.486387	0.367759	648.005509	
239	0.227938	0.068227	0.147465	0.108207	0.242197	0.533652	0.306314	0.936413	1.485186	0.385885	657.347851	
240	0.222675	0.052418	0.149571	0.109526	0.248636	0.534011	0.323451	0.935035	1.480734	0.400226	672.696412	
241	0.225986	0.055921	0.150802	0.107954	0.249372	0.532777	0.331018	0.932507	1.478012	0.413497	690.187123	
242	0.232363	0.068756	0.151073	0.107038	0.252557	0.531104	0.343127	0.928936	1.475860	0.424067	712.328046	
243	0.232790	0.069575	0.151587	0.108065	0.259153	0.530463	0.359902	0.926017	1.474816	0.437268	738.063298	
244	0.234585	0.074590	0.151281	0.108946	0.265006	0.529602	0.378198	0.921856	1.472374	0.451885	765.023190	
245	0.232605	0.069096	0.151935	0.108613	0.268755	0.528388	0.389011	0.918480	1.468006	0.464545	797.107149	
246	0.230849	0.062887	0.153817	0.109771	0.275841	0.528125	0.399007	0.917282	1.467552	0.480530	826.157290	
247	0.232523	0.066280	0.154766	0.111649	0.285855	0.527247	0.418987	0.912834	1.464869	0.495781	854.026425	
248	0.235255	0.071280	0.155539	0.112731	0.293756	0.525907	0.432308	0.909475	1.461843	0.508962	882.902686	
249	0.236429	0.074266	0.156378	0.115090	0.301073	0.525902	0.443483	0.908187	1.460664	0.523552	907.905526	
250	0.236417	0.073382	0.158006	0.117230	0.309183	0.525758	0.456431	0.906096	1.458768	0.538067	929.912058	
251	0.235420	0.070366	0.159511	0.118730	0.319822	0.523860	0.467620	0.903833	1.454943	0.551011	950.136457	
252	0.234901	0.066102	0.162734	0.120973	0.331435	0.522882	0.479809	0.902940	1.453287	0.565432	963.179783	
253	0.233773	0.062660	0.165099	0.123426	0.340322	0.522959	0.493769	0.901316	1.449497	0.577551	974.950081	
254	0.234066	0.063668	0.166556	0.126043	0.351969	0.521158	0.506285	0.899290	1.444763	0.589996	979.588513	
255	0.235376	0.064651	0.171505	0.131706	0.368435	0.521172	0.523357	0.898519	1.446874	0.608444	980.659827	
256	0.236690	0.064462	0.175713	0.134986	0.382301	0.519279	0.536960	0.896743	1.447054	0.623465	972.034848	
257	0.235579	0.057556	0.180082	0.136977	0.396240	0.515901	0.549720	0.894195	1.445999	0.637873	956.867243	
258	0.237815	0.061572	0.186978	0.144406	0.416869	0.515252	0.564993	0.895893	1.445059	0.654027	931.852474	
259	0.237289	0.064458	0.193810	0.153509	0.438786	0.514454	0.580663	0.897567	1.443894	0.667083	900.100679	
260	0.233830	0.058406	0.200871	0.159175	0.456930	0.512302	0.598992	0.895408	1.442171	0.680729	857.174274	
261	0.236026	0.061078	0.211536	0.166125	0.477045	0.512369	0.622150	0.894303	1.442932	0.696680	800.469669	
262	0.239636	0.064768	0.223327	0.174044	0.499428	0.512011	0.638285	0.896457	1.444752	0.711625	721.984251	
263	0.239632	0.065029	0.234619	0.181041	0.522557	0.509238	0.654709	0.896186	1.446204	0.725556	620.517739	
264	0.240191	0.069647	0.249059	0.189102	0.548529	0.506955	0.676313	0.895366	1.447327	0.740251	491.617070	
265	0.245876	0.078164	0.268414	0.198364	0.577871	0.506105	0.696786	0.897767	1.451242	0.755898	340.448888	
266	0.256776	0.093234	0.288526	0.208335	0.607841	0.505383	0.715380	0.900552	1.452739	0.769640	210.685263	
267	0.280932	0.116425	0.306894	0.217609	0.636035	0.503258	0.734205	0.900916	1.454394	0.783105	119.448423	
268	0.307136	0.131715	0.328997	0.225687	0.664559	0.504318	0.751608	0.904548	1.456000	0.797958	70.695812	
269	0.338060	0.145314	0.353912	0.235380	0.695771	0.506820	0.770304	0.909587	1.458740	0.811073	48.469150	
270	0.381848	0.150471	0.375545	0.241516	0.721750	0.507085	0.786821	0.911473	1.461629	0.824957	28.454095	
271	0.415230	0.151807	0.400684	0.246488	0.749905	0.507731	0.804732	0.913625	1.464584	0.837846	14.096442	
272	0.437725	0.160547	0.427987	0.254639	0.780264	0.511444	0.819940	0.919173	1.468090	0.850074	8.383556	
273	0.470655	0.168238	0.454277	0.263399	0.809424	0.516624	0.832082	0.925648	1.471138	0.862720	2.679987	
274	0.488760	0.175581	0.479905	0.268033	0.836718	0.519434	0.840482	0.929046	1.471165	0.875503	0.612455	
275	0.508785	0.179746	0.505276	0.270460	0.863216	0.520169	0.842955	0.929360	1.469611	0.883652	-0.749004	
276	0.534425	0.181379	0.532280	0.271495	0.887844	0.524629	0.850249	0.932594	1.470622	0.895723	1.020148	
277	0.568260	0.180453	0.562003	0.270513	0.911805	0.531943	0.867899	0.939158	1.474593	0.910051	-0.452993	
278	0.611627	0.181055	0.598185	0.271361	0.941428	0.541125	0.889174	0.947340	1.480747	0.925746	1.099620	
279	0.651825	0.183339	0.635665	0.273768	0.975470	0.546653	0.893121	0.947996	1.481546	0.934385	-0.285309	
280	0.703336	0.184113	0.676962	0.275575	1.011598	0.554370	0.916201	0.952816	1.487200	0.953604	1.099077	
281	0.742024	0.181624	0.717767	0.272013	1.041966	0.563741	0.943310	0.961252	1.496700	0.978844	0.216968	
282	0.765662	0.176303	0.752479	0.265373	1.065065	0.570213	0.940134	0.960400	1.493447	0.981397	-1.234449	
283	0.808018	0.165537	0.785337	0.253077	1.080991	0.574971	0.937164	0.958581	1.489199	0.984357	-1.025905	
284	0.850962	0.153296	0.821035	0.239012	1.094023	0.580773	0.960641	0.967952	1.496220	1.002475	-0.659458	
285	0.936663	0.161594	0.862333	0.239102	1.123491	0.589901	0.989658	0.976700	1.500975	1.025236	0.125541	
286	1.007609	0.165843	0.902635	0.236155	1.150558	0.596204	1.014789	0.982265	1.503247	1.045005	0.039966	
287	1.014148	0.153994	0.942280	0.224635	1.170080	0.597639	1.031466	0.982668	1.504010	1.060142	-0.983578	
288	1.017437	0.136590	0.972278	0.212462	1.184379	0.594533	1.043825	0.979025	1.503177	1.068580	-0.587101	
289	1.021821	0.118647	0.987787	0.201235	1.193347	0.586452	1.044381	0.968080	1.498929	1.068877	0.039276	
290	1.070383	0.122699	1.014862	0.189550	1.206076	0.581810	1.052298	0.961559	1.496581	1.078128	-1.042176	
291	NaN	NaN	NaN	NaN	NaN	NaN	NaN	NaN	1.495547	1.092872	-0.509660	
292	NaN	NaN	NaN	NaN	NaN	NaN	NaN	NaN	1.495408	1.106714	1.260344	
293	NaN	NaN	NaN	NaN	NaN	NaN	NaN	NaN	1.495689	1.120513	-0.523233	
294	NaN	NaN	NaN	NaN	NaN	NaN	NaN	NaN	1.494844	1.135260	0.512417	
295	NaN	NaN	NaN	NaN	NaN	NaN	NaN	NaN	1.494426	1.149632	-0.619230	
296	NaN	NaN	NaN	NaN	NaN	NaN	NaN	NaN	1.492910	1.163215	-2.296399	
297	NaN	NaN	NaN	NaN	NaN	NaN	NaN	NaN	1.488918	1.175157	0.312114	
298	NaN	NaN	NaN	NaN	NaN	NaN	NaN	NaN	1.486773	1.188384	0.777543	
299	NaN	NaN	NaN	NaN	NaN	NaN	NaN	NaN	1.484889	1.202342	-0.417819	
300	NaN	NaN	NaN	NaN	NaN	NaN	NaN	NaN	1.481883	1.216096	0.418765	
301	NaN	NaN	NaN	NaN	NaN	NaN	NaN	NaN	1.477921	1.228553	2.215455	
302	NaN	NaN	NaN	NaN	NaN	NaN	NaN	NaN	1.477250	1.245270	0.115544	
303	NaN	NaN	NaN	NaN	NaN	NaN	NaN	NaN	1.474745	1.259588	-0.757438	
304	NaN	NaN	NaN	NaN	NaN	NaN	NaN	NaN	1.469982	1.269756	0.725645	
305	NaN	NaN	NaN	NaN	NaN	NaN	NaN	NaN	1.468536	1.282872	-0.936482	
306	NaN	NaN	NaN	NaN	NaN	NaN	NaN	NaN	1.466196	1.294609	0.983106	
307	NaN	NaN	NaN	NaN	NaN	NaN	NaN	NaN	1.462007	1.302409	0.983891	
308	NaN	NaN	NaN	NaN	NaN	NaN	NaN	NaN	1.458928	1.314693	1.068544	
309	NaN	NaN	NaN	NaN	NaN	NaN	NaN	NaN	1.457099	1.331057	1.486998	
310	NaN	NaN	NaN	NaN	NaN	NaN	NaN	NaN	1.453739	1.342966	-1.167827	
311	NaN	NaN	NaN	NaN	NaN	NaN	NaN	NaN	1.451746	1.354798	1.294319	
312	NaN	NaN	NaN	NaN	NaN	NaN	NaN	NaN	1.449834	1.368557	-0.661136	
313	NaN	NaN	NaN	NaN	NaN	NaN	NaN	NaN	1.446306	1.382421	0.782468	
314	NaN	NaN	NaN	NaN	NaN	NaN	NaN	NaN	1.443843	1.396381	1.087422	
315	NaN	NaN	NaN	NaN	NaN	NaN	NaN	NaN	1.444215	1.410854	0.659283	
316	NaN	NaN	NaN	NaN	NaN	NaN	NaN	NaN	1.443902	1.422591	-0.832209	
317	NaN	NaN	NaN	NaN	NaN	NaN	NaN	NaN	1.443215	1.436892	-1.404932	
318	NaN	NaN	NaN	NaN	NaN	NaN	NaN	NaN	1.442925	1.452747	1.934080	
319	NaN	NaN	NaN	NaN	NaN	NaN	NaN	NaN	1.443855	1.466326	-0.299276	
320	NaN	NaN	NaN	NaN	NaN	NaN	NaN	NaN	1.444748	1.478403	0.186756	
321	NaN	NaN	NaN	NaN	NaN	NaN	NaN	NaN	1.445753	1.490710	-0.140212	
322	NaN	NaN	NaN	NaN	NaN	NaN	NaN	NaN	1.447033	1.503483	-0.066443	
323	NaN	NaN	NaN	NaN	NaN	NaN	NaN	NaN	1.448161	1.517578	0.192866	
324	NaN	NaN	NaN	NaN	NaN	NaN	NaN	NaN	1.449197	1.530977	2.854719	
325	NaN	NaN	NaN	NaN	NaN	NaN	NaN	NaN	1.449287	1.543537	-0.703654	
326	NaN	NaN	NaN	NaN	NaN	NaN	NaN	NaN	NaN	NaN	2.407643	
327	NaN	NaN	NaN	NaN	NaN	NaN	NaN	NaN	NaN	NaN	-0.311076	
328	NaN	NaN	NaN	NaN	NaN	NaN	NaN	NaN	NaN	NaN	0.175833	
329	NaN	NaN	NaN	NaN	NaN	NaN	NaN	NaN	NaN	NaN	0.998942	
330	NaN	NaN	NaN	NaN	NaN	NaN	NaN	NaN	NaN	NaN	-0.328132	
331	NaN	NaN	NaN	NaN	NaN	NaN	NaN	NaN	NaN	NaN	1.304340	
332	NaN	NaN	NaN	NaN	NaN	NaN	NaN	NaN	NaN	NaN	-0.759249	
333	NaN	NaN	NaN	NaN	NaN	NaN	NaN	NaN	NaN	NaN	-0.122636	
334	NaN	NaN	NaN	NaN	NaN	NaN	NaN	NaN	NaN	NaN	1.617694	
335	NaN	NaN	NaN	NaN	NaN	NaN	NaN	NaN	NaN	NaN	0.456494	
336	NaN	NaN	NaN	NaN	NaN	NaN	NaN	NaN	NaN	NaN	-0.775947	
337	NaN	NaN	NaN	NaN	NaN	NaN	NaN	NaN	NaN	NaN	0.321386	
338	NaN	NaN	NaN	NaN	NaN	NaN	NaN	NaN	NaN	NaN	2.387730	
339	NaN	NaN	NaN	NaN	NaN	NaN	NaN	NaN	NaN	NaN	1.285742	
340	NaN	NaN	NaN	NaN	NaN	NaN	NaN	NaN	NaN	NaN	0.533879	
341	NaN	NaN	NaN	NaN	NaN	NaN	NaN	NaN	NaN	NaN	-1.804008	
342	NaN	NaN	NaN	NaN	NaN	NaN	NaN	NaN	NaN	NaN	-0.953598	
343	NaN	NaN	NaN	NaN	NaN	NaN	NaN	NaN	NaN	NaN	-0.367611	
344	NaN	NaN	NaN	NaN	NaN	NaN	NaN	NaN	NaN	NaN	-2.333156	
345	NaN	NaN	NaN	NaN	NaN	NaN	NaN	NaN	NaN	NaN	-1.810868	
346	NaN	NaN	NaN	NaN	NaN	NaN	NaN	NaN	NaN	NaN	1.966799	
347	NaN	NaN	NaN	NaN	NaN	NaN	NaN	NaN	NaN	NaN	0.291942	
348	NaN	NaN	NaN	NaN	NaN	NaN	NaN	NaN	NaN	NaN	1.607110	
349	NaN	NaN	NaN	NaN	NaN	NaN	NaN	NaN	NaN	NaN	0.975920	
350	NaN	NaN	NaN	NaN	NaN	NaN	NaN	NaN	NaN	NaN	-0.216753	
351	NaN	NaN	NaN	NaN	NaN	NaN	NaN	NaN	NaN	NaN	1.632410	
352	NaN	NaN	NaN	NaN	NaN	NaN	NaN	NaN	NaN	NaN	-0.229879	
353	NaN	NaN	NaN	NaN	NaN	NaN	NaN	NaN	NaN	NaN	1.147989	
354	NaN	NaN	NaN	NaN	NaN	NaN	NaN	NaN	NaN	NaN	0.529276	
355	NaN	NaN	NaN	NaN	NaN	NaN	NaN	NaN	NaN	NaN	0.897041	
356	NaN	NaN	NaN	NaN	NaN	NaN	NaN	NaN	NaN	NaN	-1.191273	
357	NaN	NaN	NaN	NaN	NaN	NaN	NaN	NaN	NaN	NaN	-0.549038	
358	NaN	NaN	NaN	NaN	NaN	NaN	NaN	NaN	NaN	NaN	-0.417208	
359	NaN	NaN	NaN	NaN	NaN	NaN	NaN	NaN	NaN	NaN	0.024791	
360	NaN	NaN	NaN	NaN	NaN	NaN	NaN	NaN	NaN	NaN	-0.532733	
361	NaN	NaN	NaN	NaN	NaN	NaN	NaN	NaN	NaN	NaN	-1.132745	
362	NaN	NaN	NaN	NaN	NaN	NaN	NaN	NaN	NaN	NaN	-1.367720	
363	NaN	NaN	NaN	NaN	NaN	NaN	NaN	NaN	NaN	NaN	1.023088	
364	NaN	NaN	NaN	NaN	NaN	NaN	NaN	NaN	NaN	NaN	-0.515605	
365	NaN	NaN	NaN	NaN	NaN	NaN	NaN	NaN	NaN	NaN	-0.505733	
366	NaN	NaN	NaN	NaN	NaN	NaN	NaN	NaN	NaN	NaN	-0.335343	
367	NaN	NaN	NaN	NaN	NaN	NaN	NaN	NaN	NaN	NaN	0.385200	
368	NaN	NaN	NaN	NaN	NaN	NaN	NaN	NaN	NaN	NaN	-0.338814	
369	NaN	NaN	NaN	NaN	NaN	NaN	NaN	NaN	NaN	NaN	0.537693	
370	NaN	NaN	NaN	NaN	NaN	NaN	NaN	NaN	NaN	NaN	0.314685	
371	NaN	NaN	NaN	NaN	NaN	NaN	NaN	NaN	NaN	NaN	0.808086	
372	NaN	NaN	NaN	NaN	NaN	NaN	NaN	NaN	NaN	NaN	-1.007357	
373	NaN	NaN	NaN	NaN	NaN	NaN	NaN	NaN	NaN	NaN	0.083875	
374	NaN	NaN	NaN	NaN	NaN	NaN	NaN	NaN	NaN	NaN	0.290066	
375	NaN	NaN	NaN	NaN	NaN	NaN	NaN	NaN	NaN	NaN	-0.862785	
376	NaN	NaN	NaN	NaN	NaN	NaN	NaN	NaN	NaN	NaN	0.564248	
377	NaN	NaN	NaN	NaN	NaN	NaN	NaN	NaN	NaN	NaN	-1.871579	
378	NaN	NaN	NaN	NaN	NaN	NaN	NaN	NaN	NaN	NaN	-0.332962	
379	NaN	NaN	NaN	NaN	NaN	NaN	NaN	NaN	NaN	NaN	1.247875	
380	NaN	NaN	NaN	NaN	NaN	NaN	NaN	NaN	NaN	NaN	0.748826	
381	NaN	NaN	NaN	NaN	NaN	NaN	NaN	NaN	NaN	NaN	1.063862	
382	NaN	NaN	NaN	NaN	NaN	NaN	NaN	NaN	NaN	NaN	0.551902	
383	NaN	NaN	NaN	NaN	NaN	NaN	NaN	NaN	NaN	NaN	-0.674704	
384	NaN	NaN	NaN	NaN	NaN	NaN	NaN	NaN	NaN	NaN	0.189253	
385	NaN	NaN	NaN	NaN	NaN	NaN	NaN	NaN	NaN	NaN	2.073663	
386	NaN	NaN	NaN	NaN	NaN	NaN	NaN	NaN	NaN	NaN	-1.868683	
387	NaN	NaN	NaN	NaN	NaN	NaN	NaN	NaN	NaN	NaN	-0.495033	
388	NaN	NaN	NaN	NaN	NaN	NaN	NaN	NaN	NaN	NaN	0.378048	
389	NaN	NaN	NaN	NaN	NaN	NaN	NaN	NaN	NaN	NaN	0.705603	
390	NaN	NaN	NaN	NaN	NaN	NaN	NaN	NaN	NaN	NaN	-0.671595	
391	NaN	NaN	NaN	NaN	NaN	NaN	NaN	NaN	NaN	NaN	-0.256098	
392	NaN	NaN	NaN	NaN	NaN	NaN	NaN	NaN	NaN	NaN	-0.903284	
393	NaN	NaN	NaN	NaN	NaN	NaN	NaN	NaN	NaN	NaN	1.415834	
394	NaN	NaN	NaN	NaN	NaN	NaN	NaN	NaN	NaN	NaN	0.815090	
395	NaN	NaN	NaN	NaN	NaN	NaN	NaN	NaN	NaN	NaN	0.985920	
396	NaN	NaN	NaN	NaN	NaN	NaN	NaN	NaN	NaN	NaN	-0.805637	
397	NaN	NaN	NaN	NaN	NaN	NaN	NaN	NaN	NaN	NaN	0.931695	
398	NaN	NaN	NaN	NaN	NaN	NaN	NaN	NaN	NaN	NaN	-0.666840	
399	NaN	NaN	NaN	NaN	NaN	NaN	NaN	NaN	NaN	NaN	-1.343499	
400	NaN	NaN	NaN	NaN	NaN	NaN	NaN	NaN	NaN	NaN	NaN	
